 -0.00771813
 0.0929692
 -0.623388
 -0.0842984
 0.0239031
 0.114781
 0.0205891
 -0.135606
 0.0815815
 0.0751681
 0.0152966
 -0.0394953
 -0.0121385
 0.0952403
 0.0591318
 -0.147225
 0.0529728
 0.00340676
 -0.0449936
 0.0238393
 0.111344
 -0.116672
 0.138436
 -0.00606924
 -0.139274
 -0.0523151
 0.0100973
 -0.0794598
 -0.0658488
 0.111463
 0.0675995
 -0.110642
 0.0290416
 0.039773
 -0.0256749
 -0.0731927
 0.0268343
 0.00159611
 0.0863751
 -0.158022
 -0.07563
 0.132862
 -0.0324842
 -0.0395975
 -0.0240853
 0.12056
 -0.00582769
 -0.0300202
 0.072725
 0.0744848
 0.0384409
 0.0142115
 -0.142033
 0.106311
 0.13143
 -0.15656
 -0.00427296
 -0.0260355
 -0.0600683
 0.126979
 -0.0165078
 -0.0479611
 -0.114824
 0.00556203
 0.0754589
 0.0528679
 0.0307188
 -0.08307
 -0.063497
 0.153102
 -0.0344195
 0.0736538
 -0.00422159
 -0.0170265
 0.00617517
 -0.00987426
 0.0501985
 0.00172767
 -0.084939
 0.0795737
 -0.0456089
 0.0105128
 0.0382791
 -0.0654301
 -0.0222905
 -0.00344869
 -0.0101287
 0.106172
 0.0301336
 -0.103836
 0.0354053
 -0.0221321
 -0.0257331
 -0.0132166
 -0.106471
 0.15045
 0.0518449
 -0.144929
 0.092587
 -0.00829209
 -0.0150988
 -0.0936349
 -0.0538989
 -0.0198025
 0.109031
 0.0456104
 -0.0518375
 0.106251
 -0.149979
 0.0483501
 -0.0991786
 0.0932328
 -0.0394344
 0.0617573
 0.056363
 0.1247
 -0.129445
 -0.0850826
 0.128296
 0.0674856
 -0.0720838
 0.06126
 0.0841386
 -0.0339368
 -0.023921
 -0.0214294
 0.0184639
 -0.0112054
 0.0807523
 -0.0108217
 -0.11418
 0.118498
 -0.139879
 0.0693854
 0.0126798
 0.00960723
 -0.0456222
 -0.0414796
 0.0777577
 -0.0744905
 0.0692713
 0.0974664
 -0.0508062
 -0.0020527
 0.00901072
 -0.0322712
 0.0410722
 -0.0617143
 0.121249
 -0.121465
 0.0552857
 0.000187554
 -0.0091424
 0.0184861
 -0.077439
 -0.0182606
 -0.0306836
 0.0883521
 -0.0652735
 -0.0894295
 0.135841
 0.00905511
 -0.0254685
 0.0772998
 -0.133084
 -0.0852516
 0.20124
 0.130809
 -0.0489484
 0.0429345
 -0.153496
 0.0539004
 0.00538179
 0.0593276
 -0.0556499
 -0.0430702
 0.0726182
 -0.0335286
 -0.0791517
 -0.0160392
 -0.00233506
 0.167665
 -0.0656791
 -0.136771
 0.0271406
 0.0372485
 0.0284308
 -0.011001
 -0.0188416
 0.0408901
 -0.0363546
 -0.0580865
 0.0536081
 -0.0374111
 -0.0886402
 -0.0142095
 -0.0429454
 -0.0327289
 0.112793
 -0.00558016
 -0.116554
 0.0822327
 0.0144665
 -0.109406
 0.0692329
 0.0551991
 -0.0916478
 -0.0502505
 -0.00270244
 0.121321
 -0.0804514
 0.106448
 -0.108377
 0.0882127
 0.0273462
 0.0511907
 -0.121344
 0.142223
 -0.0969985
 0.0107949
 -0.00819741
 0.0779296
 -0.126562
 -0.135049
 0.0487874
 0.130799
 -0.0299448
 -0.0625895
 -0.00811178
 -0.0927119
 0.00779094
 0.00440994
 0.102212
 -0.0890614
 0.0767067
 0.0439352
 -0.0177363
 -0.142851
 0.0590738
 0.116361
 0.010119
 -0.0462023
 -0.000142615
 0.0502119
 -0.144076
 0.0207988
 -0.0107187
 -0.0539042
 0.0236939
 0.0551332
 0.068887
 -0.0417979
 -0.0692455
 0.0112438
 0.105669
 0.0287868
 -0.0108798
 0.0173247
 -0.0873707
 -0.00433964
 0.105927
 -0.0834105
 0.0407714
 -0.0317714
 -0.019807
 0.0315097
 0.126329
 -0.0521309
 -0.0244203
 -0.0606609
 0.103477
 -0.00840965
 0.0262449
 0.0708347
 -0.0640884
 0.111254
 -0.0534197
 -0.119537
 0.11018
 0.0857955
 -0.0782705
 0.14197
 -0.0554977
 -0.0864086
 -0.0291401
 0.0827551
 0.139529
 -0.116009
 -0.0446439
 0.0369666
 0.132776
 -0.181285
 -0.127622
 0.00316603
 0.0484171
 0.130957
 -0.0851119
 -0.0567482
 0.0604271
 -0.0555344
 0.0796645
 0.0298344
 0.0814888
 -0.0455633
 0.0201489
 0.0321348
 -0.0426882
 -0.0256335
 -0.0492627
 -0.0103916
 0.00575146
 0.0146018
 0.0893023
 0.0964353
 -0.120541
 -0.0502717
 0.061214
 0.0356016
 0.0896156
 -0.009773
 -0.0881124
 -0.105996
 0.0557512
 -0.0389329
 0.00580091
 -0.0888359
 -0.000449436
 -0.02454
 -0.00137055
 0.133691
 -0.0786073
 -0.0757009
 0.149145
 -0.0096797
 0.00108869
 0.0479639
 0.112064
 -0.0473993
 -0.053549
 0.0267241
 0.00949849
 -0.0152034
 -0.0629663
 -0.109714
 0.0189916
 0.0476392
 -0.136209
 0.0401502
 -0.024603
 -0.154322
 0.017859
 -0.0685881
 -0.0226081
 0.159261
 -0.0792071
 -0.0736634
 0.0317484
 0.0437827
 0.0328472
 -0.000271835
 -0.00359213
 -0.064053
 -0.117066
 0.0962791
 0.116679
 -0.118747
 -0.059542
 0.00723664
 -0.0685154
 0.044345
 -0.0222866
 0.0848831
 -0.0162969
 -0.158124
 0.0981221
 0.110487
 -0.0611293
 -0.122649
 0.0302533
 0.114571
 0.0603231
 -0.0977897
 -0.0140708
 0.142992
 0.0742261
 -0.123255
 -0.0113417
 0.0586767
 0.0637782
 -0.0743638
 -0.0909945
 0.0249177
 -0.0342603
 -0.00154203
 0.0241891
 -0.0517627
 0.0110585
 -0.0118834
 0.0426815
 -0.0366916
 -0.0700615
 0.0802298
 -0.0973395
 -0.105156
 0.186937
 -0.014474
 0.0687336
 -0.0295582
 -0.062612
 0.0986458
 0.0906994
 0.0214324
 -0.0545758
 0.043092
 0.0716172
 -0.0580412
 0.0159333
 0.0728891
 0.129906
 -0.101026
 -0.026174
 0.140178
 0.0693212
 -0.0255502
 -0.0807762
 -0.087318
 0.0770676
 0.0155707
 -0.133954
 -0.0183973
 0.0443856
 -0.0295513
 0.0584451
 -0.147892
 0.114791
 0.119359
 0.0952573
 -0.183249
 -0.0174014
 0.10405
 0.0979516
 -0.168322
 0.0934455
 0.0218822
 -0.00900536
 0.0275561
 0.0353173
 -0.0724169
 0.0528746
 0.0189481
 -0.0202669
 0.0124558
 -0.0166088
 -0.000379798
 0.00453117
 0.116899
 -0.0210517
 0.0201068
 -0.00450527
 -0.0413592
 0.0403557
 0.101177
 -0.130519
 0.0731332
 -0.00270105
 -0.077323
 0.0797285
 -0.0527751
 -0.0408867
 0.0953712
 0.0677591
 -0.105656
 0.104901
 -0.0162086
 0.0232173
 -0.0848339
 0.049163
 -0.0166667
 -0.00317354
 0.0472774
 0.0275835
 -0.10456
 -0.0892999
 0.0807317
 0.00585237
 -0.0104151
 0.00764483
 -0.0516052
 0.112298
 -0.00242287
 -0.132664
 -0.0371925
 0.14023
 -0.0101577
 -0.100794
 0.0718681
 -0.0795678
 -0.0631692
 -0.0812607
 0.0740529
 0.118792
 0.0139394
 0.0195485
 -0.150519
 0.157131
 -0.026349
 0.0758346
 0.0259153
 0.00751509
 -0.132763
 0.102837
 -0.111841
 -0.0568225
 0.0508361
 -0.0260199
 0.118
 -0.093742
 0.0346063
 0.0111393
 -0.11448
 0.0381732
 -0.0141958
 -0.0676958
 -0.0379151
 0.00288891
 -0.110489
 0.157144
 -0.0808592
 0.0285816
 -0.0490885
 -0.0216066
 0.0304738
 0.0768547
 -0.0677158
 -0.0489604
 0.041368
 -0.0366046
 0.0514016
 -0.044281
 -0.0935036
 0.0660575
 0.124932
 -0.139362
 0.0246964
 -0.0692
 0.0815141
 0.0144153
 -0.0785277
 -0.0573502
 -0.0481201
 0.0399153
 0.0251449
 0.0492758
 -0.00604329
 -0.039904
 0.00343952
 0.034631
 -0.0486284
 -0.0601489
 0.04477
 0.0142317
 0.0119931
 -0.0657439
 0.0874684
 -0.0678301
 -0.0194298
 0.0442288
 0.00431493
 -0.0765487
 0.0928774
 -0.116856
 0.0831982
 0.0557245
 0.00970672
 -0.0841864
 0.0184101
 0.0760923
 -0.150944
 0.0528973
 -0.0894142
 0.157662
 -0.0621179
 0.00391299
 -0.0605926
 -0.0298064
 0.0208698
 -0.0999171
 0.0271779
 0.0867114
 -0.115292
 -0.0683381
 0.101791
 -0.0485692
 -0.0474807
 0.0898073
 -0.0765544
 0.00208137
 0.0598138
 -0.118187
 0.0373391
 0.0676533
 -0.149943
 0.00776414
 0.0676137
 0.081263
 0.0760116
 -0.141579
 0.0383596
 -0.0145782
 -0.00274136
 0.137713
 -0.0676041
 -0.069721
 0.0836109
 -0.0812507
 0.157174
 -0.0345036
 -0.0282138
 -0.0709515
 0.0111398
 -0.0496085
 -0.0492468
 0.059863
 -0.0502605
 -0.0092189
 0.0545335
 -0.116401
 0.0243102
 -0.0676205
 0.0855836
 -0.0497747
 -0.0488168
 -0.00166747
 -0.00856729
 -0.0603807
 0.156525
 -0.0805029
 -0.0523955
 0.0210684
 -0.116775
 0.0945036
 -0.00938938
 0.02805
 0.0873031
 -0.0625046
 -0.0511932
 -0.0696058
 -0.0151977
 -0.0613231
 0.0934231
 0.0562782
 -0.0901697
 -0.0576731
 0.00410521
 -0.0154508
 0.146472
 0.0490293
 -0.129374
 0.0118818
 0.00302427
 0.0641657
 0.108288
 -0.0203255
 -0.077915
 0.0775033
 -0.0266512
 0.0894923
 -0.114854
 0.00725292
 0.128393
 -0.116354
 0.0258702
 -0.0585413
 -0.0836214
 0.078405
 -0.0936154
 0.00585514
 0.0478948
 0.101661
 -0.0870835
 -0.0744308
 0.0745718
 -0.0567403
 0.0979126
 -0.0695358
 -0.00895656
 -0.0580124
 -0.00951494
 0.0771741
 -0.106321
 0.0360807
 0.0622591
 0.00904709
 -0.123641
 -0.00466684
 0.0378517
 0.00520215
 0.0247298
 0.00472377
 -0.119772
 -0.0697961
 -0.0119998
 -0.110403
 -0.0568162
 -0.0100116
 0.0434034
 0.102613
 -0.190538
 0.0552117
 0.0110051
 -0.0394505
 0.163005
 -0.113622
 0.0781995
 -0.0915577
 0.0366666
 -0.0159624
 0.0737814
 -0.0439438
 -0.0682482
 -0.0141445
 0.0762991
 -0.0778209
 0.0648793
 -0.0351822
 0.0198053
 -0.0481425
 0.0262671
 -0.0277998
 -0.00475528
 -0.0131806
 -0.0412294
 -0.0236311
 0.159061
 -0.0153332
 -0.0872831
 -0.0459444
 0.0274007
 0.0187163
 0.119585
 -0.166841
 0.0156699
 0.00344513
 -0.0618692
 -0.0119861
 0.0230121
 0.0766317
 0.0256419
 -0.0148614
 0.0306426
 0.0191188
 -0.0498801
 0.112974
 -0.0549845
 0.0352187
 0.031423
 -0.103894
 0.0636002
 0.0385723
 0.0963774
 -0.0918662
 -0.0572444
 0.0552618
 0.0228639
 0.0229323
 0.0623631
 -0.0778324
 0.0708114
 -0.00707068
 0.0676789
 0.0482909
 -0.00645747
 -0.0751822
 0.120395
 -0.0360399
 0.07698
 -0.0174271
 -0.129223
 0.110064
 0.0640274
 -0.0522564
 0.0748774
 -0.0554297
 0.0370415
 -0.0172968
 0.0645163
 0.00662438
 0.0264235
 0.0451541
 -0.0514404
 0.0557386
 0.0253646
 -0.177923
 0.110589
 0.0358659
 -0.0617878
 0.0278582
 0.00791973
 -0.0920519
 0.0502847
 0.0059477
 -0.0466126
 0.0683363
 0.0564108
 -0.0967261
 0.0518309
 -0.0088186
 0.0429998
 -0.160802
 -0.0381481
 0.103598
 0.0842885
 -0.123868
 0.0715588
 0.0679736
 -0.0925122
 -0.0391919
 -0.0273629
 0.102725
 -0.0868143
 0.0829511
 -0.100454
 -0.0285677
 -0.0261764
 0.0124071
 0.126962
 0.0403179
 -0.0371744
 -0.0634085
 0.0303894
 0.0220448
 0.00822601
 0.0649731
 -0.0836145
 -0.0182491
 0.0180148
 0.0752317
 0.0184426
 -0.0448576
 0.0460321
 -0.113976
 -0.0223206
 0.0926463
 -0.0617703
 -0.125779
 0.0575784
 0.0310009
 -0.097995
 -0.00982163
 -0.050181
 0.0384326
 0.00562075
 -0.0470683
 -0.00919152
 -0.0124106
 0.0226615
 -0.0960325
 0.0593172
 0.0890897
 -0.0830059
 0.0216052
 -0.0124154
 0.00885885
 -0.0703095
 -0.0501192
 -0.049968
 0.043996
 -0.00767724
 -0.091304
 -0.0763251
 0.116761
 0.0554481
 -0.0192372
 -0.0489096
 -0.05303
 -0.0223049
 0.0198239
 0.0912185
 0.0306938
 -0.0553301
 0.051635
 -0.133522
 -0.00191343
 0.0742538
 -0.126268
 -0.0613521
 0.0454193
 -0.0679119
 0.0895055
 -0.0826862
 0.0473881
 -0.00855596
 -0.116467
 -0.0203402
 -0.00287535
 -0.0439268
 0.177625
 0.053983
 0.0181501
 -0.0199482
 -0.00432093
 -0.0886291
 -0.00465411
 0.0502987
 0.0365197
 0.0104454
 -0.141556
 -0.0156195
 -0.0481741
 0.103509
 -0.0613121
 0.0907721
 -0.0113343
 0.0326957
 -0.11966
 -0.109697
 0.0836201
 -0.124486
 0.110082
 -0.10282
 -0.0307724
 0.0453437
 -0.0640641
 -0.0364727
 -0.0357143
 -0.0628073
 0.0997553
 0.0532953
 -0.0124433
 -0.0423619
 0.072536
 -0.075066
 0.0118178
 -0.0925139
 0.0781156
 0.115041
 -0.106361
 0.111238
 0.0901356
 -0.0769878
 -0.0661609
 0.0719684
 -0.0506206
 -0.020876
 0.115876
 -0.114396
 0.0586531
 -0.0560125
 0.0527633
 0.112769
 -0.0486021
 -0.0695819
 0.086956
 -0.0668055
 -0.105212
 -0.0251468
 -0.018753
 0.0111262
 0.0958345
 -0.00376338
 -0.0419893
 -0.0399866
 -0.0936698
 0.0465906
 0.0111368
 0.0854915
 -0.127709
 -0.101323
 0.0117326
 -0.0506199
 0.128164
 0.103822
 -0.0968304
 0.131287
 -0.125819
 0.136736
 0.0351586
 -0.0906696
 0.128059
 -0.0635964
 0.0610043
 -0.0883234
 -0.105004
 -0.0392885
 -0.033596
 0.132238
 -0.00576746
 -0.10324
 0.15676
 -0.0915603
 0.0431136
 0.0139695
 0.102298
 0.0384126
 0.0535465
 -0.139695
 0.0962787
 0.0743161
 -0.0617417
 -0.075848
