 0.00771813
 -0.0929692
 0.623388
 0.231263
 -0.00414655
 0.0228339
 0.48799
 -0.295139
 -0.513889
 0.14689
 0.804947
 -0.809804
 0.222449
 0.0206831
 0.805479
 -0.621073
 0.406699
 -0.721903
 0.828437
 -0.544716
 0.702234
 -0.571473
 0.334668
 -0.326724
 -0.362899
 -0.155583
 0.919798
 -0.51921
 1.01008
 -0.886985
 -0.297441
 -0.574463
 0.660482
 -0.117291
 0.953446
 -0.175453
 -0.94131
 0.21606
 0.0475727
 1.15204
 0.296435
 -0.175768
 -0.405309
 0.505602
 0.00868674
 0.479992
 -0.924317
 -0.638578
 0.198888
 0.288711
 0.534241
 -0.181491
 -0.54119
 -1.07184
 -0.828249
 0.960012
 -0.0496588
 -0.241839
 -0.560519
 0.225946
 -0.66799
 0.959088
 0.838321
 -0.213055
 0.617447
 0.237769
 -0.43096
 0.10454
 -0.603966
 -0.994666
 -0.0334819
 -1.00646
 0.787765
 0.0412104
 -0.145964
 -0.082037
 -0.889089
 0.263309
 -0.848207
 -0.300173
 0.494784
 0.400175
 0.0987943
 0.201564
 0.412427
 -0.267695
 -0.937169
 0.481937
 0.2057
 0.827956
 -0.939024
 -0.590753
 -0.443901
 0.933665
 0.181338
 -1.05343
 0.64883
 0.8776
 -0.435482
 0.389957
 -0.297829
 -0.195712
 -0.691019
 0.858856
 0.147595
 0.769737
 -0.180416
 0.687772
 -0.0868544
 0.261211
 -0.353026
 0.448077
 0.217769
 0.406146
 0.311012
 0.254366
 0.952936
 -0.262471
 0.344886
 0.284145
 0.991283
 0.292259
 -0.162821
 0.249339
 -0.647069
 0.96655
 -0.346193
 0.566505
 -0.924753
 0.934356
 0.0863188
 0.638623
 -0.599877
 -0.961482
 -0.181115
 -0.358526
 -0.494708
 0.915438
 0.593473
 -0.846109
 -0.924228
 0.400654
 0.752469
 -0.031886
 0.464657
 0.0612324
 0.114962
 0.190851
 -0.396077
 -0.408777
 0.646054
 0.281753
 0.556456
 -0.152104
 1.05461
 0.236
 1.00446
 0.248302
 -0.542057
 -0.496095
 -0.543196
 0.611259
 -0.25773
 0.714467
 -0.319385
 0.953378
 -1.26115
 0.232066
 -0.946429
 -0.670778
 1.03779
 -0.889648
 0.806466
 0.119414
 -0.58174
 -0.293431
 -0.455897
 0.855693
 0.33445
 -0.88606
 -0.665805
 -0.945423
 0.841763
 0.931764
 -0.814616
 -0.534721
 0.285152
 -0.920695
 -0.688544
 -0.373934
 -0.513489
 -0.688536
 -0.519799
 -0.0676905
 -0.219631
 -0.260198
 -0.941889
 0.781861
 0.0872804
 -0.645455
 0.225954
 -0.53298
 -0.647078
 -0.43362
 0.372771
 0.26865
 -0.461748
 -0.153856
 -0.368787
 0.598535
 0.183057
 0.435044
 0.056563
 -0.00719844
 -0.39824
 0.137627
 0.851868
 0.381924
 -0.150871
 -0.876695
 -0.376824
 0.750032
 -0.351946
 -0.612112
 -1.03577
 0.0956664
 -0.875487
 -0.670756
 0.120095
 0.968593
 -0.455455
 -0.63835
 -0.969826
 -0.308841
 0.531172
 -0.313893
 -0.83994
 0.813989
 0.4192
 -0.836828
 0.343502
 -0.383088
 0.754303
 -0.663999
 1.11874
 -0.798262
 0.817665
 -0.0630357
 0.272225
 -0.0905725
 -0.875621
 -0.0844415
 -0.0902021
 0.51359
 0.344123
 -0.111952
 -0.679428
 -0.353354
 0.979431
 -0.105781
 0.43764
 -0.292243
 0.541156
 -0.979942
 0.209779
 -0.994217
 0.00751238
 -0.323825
 0.20361
 0.126777
 0.686552
 -0.296106
 0.553968
 -1.12043
 1.11157
 -1.0507
 -0.231091
 0.857164
 -0.98921
 0.382994
 0.232786
 0.156376
 0.536874
 -0.640028
 0.861654
 -0.811241
 0.188072
 0.364452
 -0.494057
 0.228933
 0.259329
 1.19653
 -0.265209
 0.0954997
 0.724239
 -0.0531077
 0.571135
 0.377947
 0.116492
 0.964135
 -1.09146
 0.00960393
 -0.837005
 0.339169
 -1.06961
 -0.841366
 0.450031
 0.208759
 0.162753
 0.15812
 0.0527734
 0.623625
 -0.768778
 0.521896
 -0.319118
 0.692472
 -0.954167
 -0.76973
 -0.99139
 0.764918
 -0.148989
 1.04539
 0.67439
 0.937353
 0.621774
 0.868055
 0.130617
 0.848694
 -0.860816
 0.656942
 0.343227
 0.962495
 0.148891
 -0.715381
 0.668655
 -0.733886
 0.266605
 -0.656241
 0.532017
 -1.0747
 -0.323758
 -0.383
 -0.475492
 0.109516
 -0.537538
 -0.426313
 1.06736
 -0.792292
 -0.715787
 0.940926
 -0.729639
 -0.35224
 0.45744
 -0.0215825
 -0.0161823
 0.198743
 0.326985
 -0.695044
 -0.904654
 0.637502
 -0.681288
 0.323718
 -0.540695
 0.64083
 -1.07507
 0.131262
 -0.074114
 0.212633
 -0.452894
 -0.809098
 -0.0227604
 0.130444
 -0.901205
 -0.078687
 -0.333559
 0.167568
 0.118141
 -0.220203
 0.296493
 0.00433868
 0.517152
 0.738292
 -0.118768
 0.547172
 -1.01573
 -0.215193
 0.418169
 -0.831298
 0.23379
 -0.458487
 0.906993
 -0.748961
 1.09133
 0.490682
 -0.908755
 -0.742216
 0.704562
 -0.27462
 0.248197
 -0.865554
 1.05644
 0.603461
 0.935316
 -0.225611
 0.420361
 -0.72488
 -0.291994
 -0.552014
 0.2794
 0.200593
 0.0800762
 0.69603
 0.143262
 0.666882
 0.709251
 0.642774
 0.600307
 0.0897245
 0.26633
 0.0984351
 0.414839
 -0.983429
 -0.115594
 0.468023
 -0.0562271
 -0.538291
 -0.112135
 -0.494811
 -0.629179
 -0.737489
 0.573024
 0.560335
 0.811102
 0.000833621
 0.194204
 0.00678607
 0.497169
 -0.399886
 -0.228256
 -0.862952
 0.155264
 0.360185
 0.280679
 0.74032
 -0.681373
 -0.652092
 -0.874163
 0.643694
 -0.0581787
 0.484944
 0.783571
 0.448764
 -0.407927
 0.724236
 -0.342529
 -0.918137
 -0.605293
 0.79198
 -0.413722
 0.225379
 -1.00981
 -0.880509
 -0.212402
 0.748951
 0.170554
 -0.500185
 0.108293
 0.768713
 -0.17584
 -0.349392
 0.297984
 -0.166929
 0.114486
 -0.713472
 -0.342008
 -0.092372
 0.276501
 -0.675103
 0.956922
 0.164937
 -0.419116
 -0.246405
 -0.137606
 0.370818
 -0.63859
 0.683292
 -0.684986
 0.255283
 0.12617
 0.552689
 -0.651364
 -0.588316
 -0.336337
 0.191332
 -0.739877
 -0.585817
 0.802165
 -0.279988
 0.0579623
 -0.966259
 0.398343
 -0.262339
 0.626219
 -0.235126
 0.0880533
 -0.917672
 0.191725
 -0.809166
 -0.741611
 0.0623213
 -0.758768
 -0.602886
 0.890294
 -0.91123
 0.819954
 -1.00477
 -0.237484
 -0.4743
 0.764074
 0.509106
 -0.609579
 -0.668314
 0.759616
 -0.447675
 1.00979
 -0.645421
 0.0140504
 0.818462
 0.0496909
 0.514825
 -0.902297
 -0.667849
 -0.165965
 0.0665036
 0.598267
 -0.959357
 -0.55328
 0.0662675
 0.595995
 0.267538
 -1.07939
 0.428474
 0.937728
 0.558758
 -0.413649
 -1.0087
 -0.720603
 0.770527
 0.17488
 -0.406089
 -0.288665
 0.78154
 0.667233
 -0.0809446
 0.946455
 0.805599
 0.827754
 0.807911
 -0.0994212
 -0.142026
 -0.325447
 0.446544
 -0.150109
 0.00190547
 -0.582069
 0.386117
 -0.328173
 0.594305
 0.431059
 0.509084
 1.02702
 -0.485215
 -0.395603
 0.634427
 0.812172
 -0.860776
 0.667927
 0.955595
 -0.848522
 -0.417871
 0.389493
 -0.297465
 -0.909689
 -0.188458
 -0.238611
 -0.094238
 -0.137775
 -0.88296
 0.507697
 0.231648
 -0.328113
 0.594298
 0.151396
 -0.29049
 -0.585162
 0.748878
 -0.162178
 -0.352712
 0.777365
 0.724688
 -0.110035
 -0.267672
 0.337615
 0.47816
 0.786007
 0.410036
 -0.655329
 0.253575
 0.498384
 -0.387305
 0.478862
 0.815607
 0.271377
 -0.688874
 -0.592477
 -1.01688
 -0.121456
 0.0724026
 0.900501
 -0.142912
 -0.798172
 -0.457052
 -0.814515
 0.107726
 -0.307879
 0.21566
 0.367667
 -0.389257
 -0.365921
 -1.03482
 0.720889
 0.681226
 -0.238304
 -0.119531
 -0.7705
 -0.933458
 -0.089442
 0.452683
 -0.142258
 0.0362872
 -0.967848
 -0.470285
 -0.979036
 -0.569778
 -0.687778
 -0.307413
 0.380757
 -0.514735
 -0.753618
 0.685334
 -0.564254
 1.10149
 0.66294
 -0.503734
 -0.508041
 -1.02325
 0.638055
 0.565732
 -0.103851
 0.350779
 0.366721
 -0.20164
 -0.047039
 -0.874934
 -0.574307
 -0.481322
 0.252691
 0.25039
 -0.777246
 -1.01817
 -0.494694
 -0.899646
 0.827059
 -0.374993
 0.714998
 -0.11366
 0.230656
 0.28556
 -0.858096
 0.768611
 0.552642
 -0.338725
 -0.0993741
 -0.852562
 0.458619
 0.767343
 0.81882
 0.475578
 -0.419976
 1.03162
 0.358591
 0.839673
 -0.432006
 -0.0140882
 0.282091
 -0.43345
 0.185832
 -0.73667
 0.385898
 -0.463481
 -0.277782
 -0.749123
 1.12009
 -0.556897
 0.013758
 -0.773398
 -0.384561
 1.07034
 0.245704
 0.747265
 0.149445
 0.0252827
 0.0629216
 -0.446603
 -0.311087
 0.1957
 0.381447
 0.712881
 -0.114783
 -0.411987
 0.558344
 0.702152
 0.189638
 -0.59626
 0.896065
 0.495738
 0.667283
 0.744311
 0.345538
 0.270576
 -0.15311
 -0.420731
 0.921443
 0.39046
 -0.390912
 -0.034811
 -0.278184
 0.767418
 -0.421211
 0.430427
 -0.278717
 -0.433901
 0.500617
 -0.547298
 0.63096
 0.775769
 0.332969
 0.576157
 0.808785
 0.634558
 -0.882697
 0.132865
 -0.820577
 -0.598363
 0.665437
 0.716951
 -0.233383
 0.638596
 0.040274
 0.550781
 0.353037
 0.143205
 0.127125
 -0.10899
 0.186869
 0.364844
 0.818445
 -0.731548
 0.714328
 0.676297
 -0.692926
 0.575369
 0.330952
 0.389735
 0.0110039
 0.275936
 -0.752016
 1.16608
 0.0315558
 -0.668625
 0.186374
 0.25569
 -0.0627073
 0.62638
 0.486776
 -0.259922
 0.715387
 0.0489577
 -0.815906
 0.783893
 -0.294017
 0.808273
 -0.134082
 -0.10109
 0.0975033
 0.437352
 0.859975
 0.6711
 -0.707415
 0.515298
 0.148884
 0.986638
 0.296778
 -0.920671
 -0.574758
 -0.952208
 0.449214
 -0.802137
 1.14
 0.467144
 -0.771113
 0.618255
 0.93063
 -0.430236
 0.153578
 -0.804596
 -0.399898
 0.493268
 -0.028169
 -0.172738
 0.262686
 -0.590069
 -0.40227
 0.379106
 0.328208
 0.245666
 0.600387
 0.193004
 -0.601464
 -0.363197
 -0.917416
 0.104832
 0.161345
 0.840094
 -0.589973
 -0.0928094
 -0.10492
 -0.480965
 -0.441344
 -0.0135571
 -0.577678
 0.188056
 -0.766769
 -0.546311
 0.6424
 -0.866731
 -0.456498
 -0.0410144
 -0.315132
 -0.331983
 -0.74799
 0.950494
 -0.929981
 0.0577736
 -0.0060342
 -0.567452
 0.759505
 -1.06988
 0.840837
 0.797709
 0.121093
 -0.193624
 0.901815
 -0.301919
 -0.248407
 -0.407329
 0.961669
 0.204866
 0.79913
 -0.0885615
 -0.882395
 0.625226
 0.36912
 0.910345
 0.708271
 -0.819393
 -0.94076
 -0.331898
 0.395335
 0.252449
 -0.222396
 -0.418286
 0.802671
 -0.951195
 -0.10982
 -0.0807646
 -0.505432
 0.765089
 -1.06502
 -0.418432
 -0.432441
 -0.377752
 0.474032
 0.112147
 0.885364
 0.296129
 -1.11088
 0.606346
 -1.03132
 -0.271819
 -0.386251
 -0.355017
 -0.230006
 0.172072
 -0.846525
 -0.362367
 -0.364506
 0.588217
 0.750118
 -0.142202
 0.0903765
 -0.257735
 0.615863
 -0.901945
 1.13546
 -0.420789
 0.88328
 -0.642867
 0.638248
 -0.603012
 0.102024
 -0.694691
 0.962617
 0.706561
 -0.131973
 -0.318303
 -0.192799
 -0.63034
 0.803124
 -0.745503
 0.278129
 0.886394
 0.411058
 0.758482
 0.657933
 0.55365
 0.835393
 0.244952
 -0.10825
 1.05606
 0.910793
 -0.551323
 -0.646523
 0.181773
 -0.752357
 0.0821151
 -0.0234403
 -0.274316
 0.254985
 0.146918
 -0.310914
 0.246708
 0.512927
 -0.628237
 1.06101
 -0.444381
 1.03946
 -0.242035
 0.213183
 0.884249
 0.203388
 -0.653516
 1.06842
 -0.864567
 0.670733
 -1.12335
 1.24124
 0.629264
 -0.696556
 0.860265
 -0.0292577
 0.371904
 -0.873273
 -0.178034
 -0.292974
 0.281603
 0.0585691
 1.00462
 -1.17025
 -0.275584
 -0.297924
 1.13207
 -0.480602
 0.0119337
 0.226431
 -0.263851
 -0.177831
 0.768311
 0.338002
 0.891278
 0.41736
 0.330663
 0.590176
 -0.767392
 0.102149
 -0.552458
 0.156415
 0.141492
 -0.112458
 0.0190794
