 0
 0
 0
 0.146964
 0.0197566
 0.137615
 0.508579
 -0.430745
 -0.432307
 0.222058
 0.820244
 -0.849299
 0.21031
 0.115923
 0.864611
 -0.768298
 0.459672
 -0.718497
 0.783444
 -0.520877
 0.813578
 -0.688144
 0.473105
 -0.332793
 -0.502173
 -0.207899
 0.929895
 -0.59867
 0.944229
 -0.775522
 -0.229842
 -0.685105
 0.689523
 -0.0775181
 0.927771
 -0.248646
 -0.914476
 0.217656
 0.133948
 0.99402
 0.220805
 -0.042906
 -0.437793
 0.466004
 -0.0153985
 0.600552
 -0.930145
 -0.668598
 0.271613
 0.363196
 0.572682
 -0.16728
 -0.683223
 -0.965525
 -0.696819
 0.803452
 -0.0539318
 -0.267875
 -0.620588
 0.352925
 -0.684497
 0.911127
 0.723497
 -0.207493
 0.692906
 0.290637
 -0.400242
 0.0214704
 -0.667463
 -0.841565
 -0.0679015
 -0.932802
 0.783544
 0.0241839
 -0.139789
 -0.0919113
 -0.838891
 0.265037
 -0.933146
 -0.2206
 0.449175
 0.410688
 0.137073
 0.136134
 0.390137
 -0.271144
 -0.947298
 0.588109
 0.235833
 0.72412
 -0.903618
 -0.612885
 -0.469634
 0.920448
 0.0748673
 -0.902985
 0.700675
 0.732671
 -0.342895
 0.381665
 -0.312928
 -0.289347
 -0.744918
 0.839054
 0.256625
 0.815347
 -0.232254
 0.794023
 -0.236834
 0.309561
 -0.452205
 0.54131
 0.178334
 0.467903
 0.367375
 0.379066
 0.823491
 -0.347554
 0.473183
 0.351631
 0.9192
 0.353519
 -0.0786824
 0.215403
 -0.67099
 0.945121
 -0.327729
 0.5553
 -0.844001
 0.923534
 -0.0278616
 0.75712
 -0.739756
 -0.892097
 -0.168435
 -0.348918
 -0.540331
 0.873959
 0.671231
 -0.9206
 -0.854957
 0.498121
 0.701663
 -0.0339387
 0.473668
 0.0289612
 0.156035
 0.129137
 -0.274828
 -0.530242
 0.70134
 0.281941
 0.547314
 -0.133618
 0.977168
 0.217739
 0.973772
 0.336654
 -0.607331
 -0.585524
 -0.407355
 0.620314
 -0.283199
 0.791767
 -0.452469
 0.868126
 -1.05991
 0.362874
 -0.995377
 -0.627844
 0.884296
 -0.835748
 0.811848
 0.178741
 -0.63739
 -0.336501
 -0.383278
 0.822164
 0.255299
 -0.9021
 -0.66814
 -0.777758
 0.776084
 0.794993
 -0.787475
 -0.497473
 0.313583
 -0.931696
 -0.707386
 -0.333044
 -0.549844
 -0.746622
 -0.466191
 -0.105102
 -0.308271
 -0.274407
 -0.984834
 0.749132
 0.200073
 -0.651035
 0.1094
 -0.450747
 -0.632612
 -0.543026
 0.442003
 0.323849
 -0.553396
 -0.204106
 -0.371489
 0.719855
 0.102606
 0.541492
 -0.0518145
 0.0810143
 -0.370894
 0.188818
 0.730524
 0.524147
 -0.24787
 -0.8659
 -0.385021
 0.827961
 -0.478509
 -0.747161
 -0.986985
 0.226465
 -0.905432
 -0.733345
 0.111983
 0.875881
 -0.447664
 -0.63394
 -0.867614
 -0.397902
 0.607878
 -0.269958
 -0.857676
 0.671138
 0.478274
 -0.720467
 0.353621
 -0.429291
 0.754161
 -0.613787
 0.974661
 -0.777463
 0.806946
 -0.11694
 0.295919
 -0.0354393
 -0.806734
 -0.126239
 -0.159448
 0.524834
 0.449792
 -0.0831656
 -0.690307
 -0.33603
 0.892061
 -0.110121
 0.543567
 -0.375653
 0.581928
 -1.01171
 0.189972
 -0.962708
 0.133841
 -0.375956
 0.17919
 0.0661162
 0.790029
 -0.304516
 0.580213
 -1.0496
 1.04748
 -0.939444
 -0.284511
 0.737627
 -0.87903
 0.468789
 0.154516
 0.298346
 0.481377
 -0.726436
 0.832514
 -0.728486
 0.327601
 0.248443
 -0.538701
 0.2659
 0.392105
 1.01524
 -0.392831
 0.0986658
 0.772656
 0.077849
 0.486024
 0.321198
 0.176919
 0.9086
 -1.0118
 0.0394383
 -0.755516
 0.293606
 -1.04946
 -0.809232
 0.407343
 0.183125
 0.113491
 0.147728
 0.0585248
 0.638227
 -0.679476
 0.618331
 -0.439659
 0.6422
 -0.892953
 -0.734129
 -0.901774
 0.755145
 -0.237102
 0.939393
 0.730141
 0.89842
 0.627575
 0.779219
 0.130167
 0.824154
 -0.862187
 0.790633
 0.26462
 0.886794
 0.298036
 -0.725061
 0.669744
 -0.685922
 0.378669
 -0.703641
 0.478468
 -1.04798
 -0.31426
 -0.398203
 -0.538459
 -0.000198317
 -0.518547
 -0.378674
 0.931155
 -0.752142
 -0.74039
 0.786604
 -0.711779
 -0.420828
 0.434832
 0.137678
 -0.0953894
 0.12508
 0.358733
 -0.651261
 -0.871806
 0.637231
 -0.68488
 0.259665
 -0.657761
 0.737109
 -0.958387
 0.0125149
 -0.133656
 0.21987
 -0.521409
 -0.764753
 -0.045047
 0.215327
 -0.917502
 -0.236811
 -0.235437
 0.278055
 0.0570117
 -0.342852
 0.326746
 0.11891
 0.577475
 0.640502
 -0.132839
 0.690164
 -0.941506
 -0.338449
 0.406827
 -0.772622
 0.297568
 -0.532851
 0.815998
 -0.724043
 1.05707
 0.48914
 -0.884566
 -0.793979
 0.71562
 -0.286503
 0.290879
 -0.902246
 0.986379
 0.683691
 0.837977
 -0.330767
 0.607297
 -0.739354
 -0.22326
 -0.581572
 0.216788
 0.299239
 0.170776
 0.717463
 0.0886864
 0.709974
 0.780869
 0.584733
 0.61624
 0.162614
 0.396236
 -0.00259128
 0.388665
 -0.843251
 -0.0462729
 0.442472
 -0.137003
 -0.625609
 -0.0350672
 -0.47924
 -0.763134
 -0.755886
 0.61741
 0.530783
 0.869547
 -0.147058
 0.308995
 0.126145
 0.592426
 -0.583135
 -0.245657
 -0.758902
 0.253216
 0.191863
 0.374124
 0.762202
 -0.690379
 -0.624536
 -0.838846
 0.571277
 -0.00530412
 0.503892
 0.763304
 0.46122
 -0.424536
 0.723856
 -0.337998
 -0.801239
 -0.626344
 0.812087
 -0.418227
 0.18402
 -0.969454
 -0.779332
 -0.342921
 0.822084
 0.167853
 -0.577508
 0.188021
 0.715938
 -0.216727
 -0.254021
 0.365743
 -0.272586
 0.219387
 -0.72968
 -0.318791
 -0.177206
 0.325664
 -0.69177
 0.953748
 0.212215
 -0.391533
 -0.350965
 -0.226906
 0.45155
 -0.632738
 0.672877
 -0.677341
 0.203678
 0.238468
 0.550266
 -0.784028
 -0.625509
 -0.196107
 0.181174
 -0.840672
 -0.513948
 0.722597
 -0.343157
 -0.0232985
 -0.892206
 0.517135
 -0.2484
 0.645768
 -0.385645
 0.245184
 -0.944021
 0.267559
 -0.78325
 -0.734096
 -0.0704417
 -0.655931
 -0.714727
 0.833472
 -0.860394
 0.793934
 -0.886769
 -0.331226
 -0.439694
 0.775213
 0.394625
 -0.571405
 -0.68251
 0.69192
 -0.48559
 1.01268
 -0.75591
 0.171194
 0.737602
 0.0782726
 0.465736
 -0.923903
 -0.637375
 -0.0891102
 -0.00121226
 0.549306
 -0.917989
 -0.589885
 0.117669
 0.551714
 0.174035
 -1.01334
 0.553406
 0.798366
 0.583455
 -0.482849
 -0.927184
 -0.706188
 0.692
 0.11753
 -0.454209
 -0.248749
 0.806685
 0.716509
 -0.0869879
 0.906551
 0.809039
 0.862385
 0.759283
 -0.15957
 -0.0972562
 -0.311215
 0.458537
 -0.215853
 0.0893739
 -0.649899
 0.366688
 -0.283945
 0.59862
 0.354511
 0.601961
 0.910159
 -0.402017
 -0.339879
 0.644134
 0.727986
 -0.842366
 0.744019
 0.80465
 -0.795625
 -0.507285
 0.547155
 -0.359582
 -0.905776
 -0.249051
 -0.268417
 -0.0733683
 -0.237692
 -0.855782
 0.594409
 0.116355
 -0.396451
 0.696089
 0.102827
 -0.337971
 -0.495355
 0.672324
 -0.160097
 -0.292898
 0.659178
 0.762027
 -0.0423814
 -0.417615
 0.345379
 0.545774
 0.86727
 0.486047
 -0.796908
 0.291935
 0.483805
 -0.390046
 0.616575
 0.748003
 0.201656
 -0.605263
 -0.673728
 -0.859701
 -0.15596
 0.0441888
 0.829549
 -0.131772
 -0.847781
 -0.506299
 -0.754652
 0.0574659
 -0.317098
 0.270193
 0.251266
 -0.364947
 -0.433541
 -0.949234
 0.671114
 0.63241
 -0.239972
 -0.128098
 -0.830881
 -0.776933
 -0.169945
 0.400287
 -0.121189
 -0.0804877
 -0.873344
 -0.479674
 -0.950986
 -0.482475
 -0.750283
 -0.358606
 0.311151
 -0.529933
 -0.814941
 0.778757
 -0.507976
 1.01132
 0.605267
 -0.499629
 -0.523492
 -0.876777
 0.687084
 0.436357
 -0.0919696
 0.353803
 0.430887
 -0.0933513
 -0.0673646
 -0.952849
 -0.496804
 -0.507973
 0.342183
 0.135536
 -0.769993
 -0.889775
 -0.611048
 -0.873775
 0.768518
 -0.458614
 0.793403
 -0.207276
 0.236511
 0.333455
 -0.756435
 0.681528
 0.478211
 -0.264153
 -0.156114
 -0.754649
 0.389083
 0.758386
 0.760808
 0.466063
 -0.342802
 0.925303
 0.394672
 0.901932
 -0.422959
 -0.137729
 0.277424
 -0.395599
 0.191034
 -0.71194
 0.390622
 -0.583253
 -0.347578
 -0.761123
 1.00969
 -0.613713
 0.00374637
 -0.729995
 -0.281948
 0.879803
 0.300916
 0.75827
 0.109995
 0.188287
 -0.0507
 -0.368403
 -0.402645
 0.232367
 0.365484
 0.786662
 -0.158727
 -0.480236
 0.544199
 0.778451
 0.111817
 -0.531381
 0.860882
 0.515544
 0.619141
 0.770578
 0.317738
 0.265821
 -0.166291
 -0.46196
 0.897812
 0.549521
 -0.406245
 -0.122094
 -0.324128
 0.794819
 -0.402495
 0.550012
 -0.445558
 -0.418231
 0.504062
 -0.609167
 0.618974
 0.798781
 0.4096
 0.601798
 0.793924
 0.665201
 -0.863578
 0.0829849
 -0.707603
 -0.653348
 0.700656
 0.748374
 -0.337276
 0.702197
 0.0788462
 0.647158
 0.261171
 0.0859609
 0.182386
 -0.0861263
 0.209802
 0.427207
 0.740612
 -0.660736
 0.707258
 0.743976
 -0.644635
 0.568911
 0.255769
 0.51013
 -0.025036
 0.352916
 -0.769443
 1.03685
 0.14162
 -0.604598
 0.134118
 0.330567
 -0.118137
 0.663422
 0.46948
 -0.195405
 0.722012
 0.0753813
 -0.770752
 0.732453
 -0.238279
 0.833638
 -0.312005
 0.00949853
 0.133369
 0.375564
 0.887833
 0.679019
 -0.799467
 0.565583
 0.154831
 0.940026
 0.365114
 -0.86426
 -0.671484
 -0.900377
 0.440396
 -0.759137
 0.979197
 0.428996
 -0.667515
 0.702543
 0.806762
 -0.358678
 0.221551
 -0.897108
 -0.43909
 0.465905
 0.0745564
 -0.259553
 0.345637
 -0.690523
 -0.430838
 0.35293
 0.340615
 0.372629
 0.640705
 0.15583
 -0.664872
 -0.332807
 -0.895371
 0.113058
 0.226318
 0.75648
 -0.608222
 -0.0747947
 -0.0296884
 -0.462522
 -0.486201
 0.032475
 -0.691653
 0.165735
 -0.674123
 -0.608081
 0.516622
 -0.809152
 -0.425497
 -0.139009
 -0.324954
 -0.382164
 -0.709557
 0.956115
 -0.97705
 0.048582
 -0.0184448
 -0.544791
 0.663473
 -1.01056
 0.929927
 0.714703
 0.142698
 -0.206039
 0.910674
 -0.372229
 -0.298526
 -0.457297
 1.00566
 0.197189
 0.707826
 -0.164887
 -0.765634
 0.680674
 0.349882
 0.861435
 0.655241
 -0.841698
 -0.920936
 -0.24068
 0.426028
 0.197119
 -0.170761
 -0.551808
 0.800757
 -0.876941
 -0.236088
 -0.142117
 -0.460013
 0.697177
 -0.975512
 -0.501119
 -0.385053
 -0.386308
 0.357565
 0.0918073
 0.882489
 0.252202
 -0.933256
 0.660329
 -1.01317
 -0.291767
 -0.390572
 -0.443646
 -0.23466
 0.222371
 -0.810005
 -0.351921
 -0.506062
 0.572598
 0.701944
 -0.0386927
 0.0290643
 -0.166963
 0.604529
 -0.869249
 1.0158
 -0.530486
 0.9669
 -0.767353
 0.748331
 -0.705833
 0.0712515
 -0.649347
 0.898553
 0.670088
 -0.167687
 -0.381111
 -0.0930436
 -0.577045
 0.790681
 -0.787865
 0.350665
 0.811329
 0.422875
 0.665968
 0.736049
 0.668691
 0.729032
 0.35619
 -0.0181148
 0.979073
 0.844632
 -0.479354
 -0.697144
 0.160897
 -0.636481
 -0.0322808
 0.0352128
 -0.330328
 0.307748
 0.259688
 -0.359516
 0.177127
 0.599883
 -0.695042
 0.955802
 -0.469528
 1.02071
 -0.230908
 0.309017
 0.880486
 0.161399
 -0.693503
 0.974748
 -0.817976
 0.68187
 -1.03786
 1.11353
 0.527941
 -0.684823
 0.809645
 0.0989062
 0.475726
 -0.970104
 -0.0467464
 -0.418794
 0.418339
 0.0937276
 0.913946
 -1.04219
 -0.339181
 -0.23692
 1.04375
 -0.585606
 -0.0273548
 0.192835
 -0.131613
 -0.183599
 0.665071
 0.494762
 0.799718
 0.460473
 0.344633
 0.692474
 -0.728979
 0.155696
 -0.692153
 0.252694
 0.215808
 -0.174199
 -0.0567686
