 -0.0531938
 0.647572
 0.16654
 0.0537431
 0.136876
 0.421613
 -0.340739
 -0.41203
 0.125462
 0.79516
 -0.818964
 0.114475
 0.211646
 0.715384
 -0.643483
 0.362102
 -0.598865
 0.588305
 -0.301309
 0.597034
 -0.521653
 0.311563
 -0.238014
 -0.585131
 -0.12009
 0.904294
 -0.498337
 0.912107
 -0.568712
 -0.452559
 -0.597095
 0.54796
 0.00894192
 0.847041
 -0.0579546
 -0.988403
 0.191076
 0.131748
 0.94232
 0.404767
 -0.0409253
 -0.400983
 0.386578
 0.0530717
 0.512192
 -0.879086
 -0.750481
 0.259926
 0.258034
 0.522629
 -0.0877407
 -0.686941
 -0.958861
 -0.853938
 0.720695
 0.0583209
 -0.327067
 -0.488388
 0.251686
 -0.648183
 0.824091
 0.889279
 -0.151463
 0.70397
 0.343303
 -0.407025
 -0.0117496
 -0.573046
 -0.935606
 -0.189917
 -0.956603
 0.599109
 0.163671
 -0.2219
 0.00149541
 -0.84228
 0.131077
 -0.877743
 -0.297037
 0.433515
 0.416669
 0.16483
 0.162389
 0.439009
 -0.183996
 -0.979675
 0.532823
 0.223182
 0.655568
 -0.7116
 -0.721427
 -0.394696
 0.842036
 0.156163
 -0.883419
 0.59978
 0.837153
 -0.276223
 0.290078
 -0.154942
 -0.379315
 -0.634754
 0.736686
 0.349345
 0.704703
 -0.0635701
 0.713981
 -0.135594
 0.26017
 -0.356365
 0.443953
 0.201636
 0.420637
 0.384503
 0.34019
 0.801325
 -0.17716
 0.37431
 0.378704
 0.869015
 0.449385
 -0.1301
 0.176672
 -0.610157
 0.833369
 -0.196265
 0.340373
 -0.664541
 0.690176
 0.140355
 0.644826
 -0.626087
 -0.963744
 -0.231483
 -0.391644
 -0.60387
 0.859859
 0.740532
 -0.975646
 -0.828364
 0.403974
 0.671926
 0.0119938
 0.445601
 0.125767
 0.113742
 0.149266
 -0.21073
 -0.605701
 0.710318
 0.250954
 0.517624
 -0.0115665
 0.953795
 0.352702
 0.985168
 0.458785
 -0.650014
 -0.534349
 -0.426252
 0.414594
 -0.194006
 0.662343
 -0.31608
 0.79986
 -0.946532
 0.0574664
 -0.957274
 -0.780511
 0.919309
 -0.754265
 0.640614
 0.379254
 -0.743706
 -0.240944
 -0.390667
 0.700613
 0.347331
 -0.894223
 -0.645497
 -0.824702
 0.593371
 0.954772
 -0.746452
 -0.480575
 0.300333
 -0.974181
 -0.766472
 -0.308695
 -0.6245
 -0.749321
 -0.460433
 -0.164953
 -0.253334
 -0.234962
 -0.992126
 0.712699
 0.316446
 -0.704581
 0.15482
 -0.313456
 -0.73571
 -0.496384
 0.394635
 0.315409
 -0.491256
 -0.150182
 -0.300821
 0.626087
 0.142186
 0.538438
 0.0112003
 0.123447
 -0.349162
 0.107822
 0.723869
 0.601367
 -0.267678
 -0.772149
 -0.46025
 0.816645
 -0.476608
 -0.733634
 -0.979431
 0.0888394
 -0.949278
 -0.812311
 0.141392
 0.888607
 -0.283975
 -0.65392
 -0.839351
 -0.523728
 0.629566
 -0.264077
 -0.880123
 0.654469
 0.603504
 -0.738762
 0.283975
 -0.304361
 0.618152
 -0.411908
 0.835994
 -0.491317
 0.572802
 0.140294
 0.137974
 0.105869
 -0.865047
 -0.196936
 -0.128819
 0.432966
 0.499252
 -0.103977
 -0.633045
 -0.37431
 0.869076
 -0.0221259
 0.442244
 -0.246193
 0.473434
 -0.953978
 0.0509964
 -0.88348
 -0.0685141
 -0.306864
 0.0649129
 0.150731
 0.777398
 -0.217017
 0.495041
 -0.984802
 0.957213
 -0.791437
 -0.53209
 0.913633
 -0.888485
 0.294839
 0.2678
 0.216956
 0.456038
 -0.591906
 0.7575
 -0.549181
 0.0710166
 0.335307
 -0.508835
 0.207678
 0.415021
 0.995239
 -0.169164
 0.0471511
 0.872311
 0.0440382
 0.379009
 0.447615
 0.149266
 0.938353
 -0.95941
 -0.128941
 -0.670278
 0.0169988
 -0.973815
 -0.996643
 0.403974
 0.165929
 0.10886
 0.233131
 0.0821253
 0.626698
 -0.55211
 0.431196
 -0.294229
 0.512253
 -0.708975
 -0.906491
 -0.930662
 0.592639
 -0.131565
 0.909665
 0.964476
 0.912229
 0.790155
 0.819819
 0.25895
 0.80163
 -0.739616
 0.622364
 0.324259
 0.846858
 0.420698
 -0.805109
 0.622364
 -0.622181
 0.133885
 -0.609058
 0.265664
 -0.961241
 -0.477157
 -0.325114
 -0.63805
 0.00344859
 -0.424787
 -0.442244
 0.95703
 -0.602771
 -0.873409
 0.896603
 -0.612659
 -0.511216
 0.536302
 0.118748
 -0.1442
 0.21366
 0.36552
 -0.56444
 -0.958129
 0.592639
 -0.626514
 0.106113
 -0.439558
 0.606861
 -0.858943
 -0.185827
 0.0795618
 0.0925626
 -0.36314
 -0.778558
 -0.0881069
 0.218177
 -0.963378
 -0.241188
 -0.109043
 0.105319
 0.109165
 -0.281838
 0.34489
 0.157323
 0.481491
 0.708121
 -0.0195013
 0.657033
 -0.905271
 -0.465377
 0.489914
 -0.803034
 0.164892
 -0.429243
 0.692557
 -0.496506
 0.958922
 0.676748
 -0.975585
 -0.781365
 0.700369
 -0.266762
 0.188147
 -0.799249
 0.916623
 0.850887
 0.774773
 -0.0921354
 0.539293
 -0.682546
 -0.328471
 -0.574999
 0.0718101
 0.346599
 0.0672323
 0.69921
 0.135411
 0.688894
 0.866878
 0.543199
 0.706595
 0.169591
 0.33018
 -0.0280465
 0.358745
 -0.785882
 -0.255593
 0.433271
 -0.180151
 -0.575488
 -0.0547807
 -0.504624
 -0.84051
 -0.731071
 0.497482
 0.554491
 0.916807
 -0.0524613
 0.348857
 0.123814
 0.482467
 -0.504196
 -0.231239
 -0.732353
 0.0475784
 0.189489
 0.384259
 0.742119
 -0.569323
 -0.68804
 -0.872982
 0.40556
 0.0967742
 0.348308
 0.902463
 0.461043
 -0.32017
 0.666982
 -0.206275
 -0.906796
 -0.677908
 0.752312
 -0.385784
 0.0624714
 -0.857906
 -0.949217
 -0.380718
 0.818232
 0.143834
 -0.507431
 0.191443
 0.694754
 -0.119663
 -0.248512
 0.309915
 -0.249062
 0.183447
 -0.694021
 -0.381268
 -0.182165
 0.272134
 -0.637013
 0.904172
 0.314982
 -0.447066
 -0.292032
 -0.204871
 0.399091
 -0.576342
 0.542955
 -0.500778
 0.007416
 0.393963
 0.375469
 -0.614551
 -0.642079
 -0.165807
 0.0206
 -0.772027
 -0.530931
 0.666677
 -0.220679
 -0.0779748
 -0.738334
 0.309671
 -0.145604
 0.485092
 -0.194983
 0.188879
 -0.932371
 0.15598
 -0.729423
 -0.873043
 -0.0598468
 -0.596362
 -0.845332
 0.92523
 -0.801691
 0.659169
 -0.666616
 -0.551805
 -0.231544
 0.582141
 0.512131
 -0.474044
 -0.678274
 0.675588
 -0.36784
 0.984313
 -0.567248
 0.0603961
 0.796625
 0.116489
 0.4138
 -0.777276
 -0.721732
 -0.0905484
 -0.112827
 0.546617
 -0.827387
 -0.664174
 0.158666
 0.443648
 0.257179
 -0.974975
 0.454085
 0.893735
 0.620533
 -0.373882
 -0.918516
 -0.79223
 0.62389
 0.173742
 -0.417829
 -0.173986
 0.756401
 0.771538
 -0.068453
 0.963378
 0.948302
 0.903439
 0.854244
 -0.0842616
 -0.0972015
 -0.312723
 0.314432
 -0.161718
 0.010712
 -0.618519
 0.244728
 -0.190588
 0.408918
 0.458846
 0.575488
 0.992004
 -0.253273
 -0.441328
 0.627918
 0.704825
 -0.77929
 0.630848
 0.932371
 -0.783013
 -0.557176
 0.5833
 -0.464583
 -0.922849
 -0.298379
 -0.253822
 -0.142369
 -0.20951
 -0.818293
 0.465194
 0.164281
 -0.344157
 0.702322
 0.135289
 -0.287881
 -0.424299
 0.537523
 -0.0101627
 -0.365459
 0.651051
 0.881588
 -0.0451979
 -0.372784
 0.373821
 0.521043
 0.882565
 0.497238
 -0.769951
 0.276223
 0.476913
 -0.362102
 0.525132
 0.775201
 0.222144
 -0.508103
 -0.755791
 -0.878353
 -0.371685
 0.0654622
 0.760918
 0.0204779
 -0.894528
 -0.445051
 -0.794916
 -0.0779138
 -0.220557
 0.150487
 0.304727
 -0.250221
 -0.438765
 -0.923215
 0.511399
 0.770745
 -0.216773
 -0.0644856
 -0.775628
 -0.825739
 -0.28605
 0.41026
 -0.0749229
 -0.0798059
 -0.735588
 -0.6021
 -0.966979
 -0.581713
 -0.801691
 -0.37199
 0.298441
 -0.396954
 -0.841426
 0.832759
 -0.458968
 0.965026
 0.822993
 -0.469466
 -0.44969
 -0.898312
 0.501083
 0.485336
 -0.0425733
 0.351238
 0.484787
 -0.0961028
 -0.10715
 -0.930967
 -0.533921
 -0.5656
 0.241432
 0.113315
 -0.667226
 -0.97235
 -0.69219
 -0.901486
 0.656056
 -0.275307
 0.704215
 -0.0179144
 0.182226
 0.432417
 -0.726615
 0.544664
 0.640248
 -0.25016
 -0.139988
 -0.671743
 0.178686
 0.908017
 0.740776
 0.59331
 -0.256081
 0.885189
 0.528428
 0.857906
 -0.28782
 -0.239051
 0.360454
 -0.418256
 0.0879238
 -0.629566
 0.185217
 -0.442732
 -0.418806
 -0.67748
 0.958922
 -0.430586
 -0.123142
 -0.557115
 -0.435713
 0.888791
 0.406659
 0.706473
 0.265419
 0.157933
 -0.0611286
 -0.280374
 -0.490707
 0.235878
 0.29606
 0.816706
 -0.111728
 -0.438704
 0.514512
 0.830988
 0.0748619
 -0.401654
 0.757622
 0.605396
 0.541551
 0.926572
 0.295572
 0.302835
 -0.121494
 -0.462081
 0.864132
 0.580493
 -0.478622
 -0.0962249
 -0.285623
 0.689688
 -0.298074
 0.373333
 -0.332865
 -0.436201
 0.433149
 -0.53325
 0.482894
 0.957457
 0.342875
 0.625721
 0.861263
 0.698538
 -0.83282
 -0.0171819
 -0.618458
 -0.883847
 0.716361
 0.713797
 -0.302347
 0.707266
 0.126133
 0.533555
 0.298563
 0.103
 0.206519
 -0.100436
 0.148656
 0.399762
 0.700919
 -0.515122
 0.518845
 0.914792
 -0.73217
 0.483077
 0.321574
 0.430769
 -0.00228889
 0.307596
 -0.737114
 0.991089
 0.277261
 -0.751762
 0.122715
 0.30784
 -0.185705
 0.647389
 0.476485
 -0.153233
 0.63506
 0.157811
 -0.828486
 0.649037
 -0.133396
 0.645436
 -0.131077
 -0.0448927
 0.116977
 0.298807
 0.964782
 0.690909
 -0.734611
 0.50853
 0.202673
 0.880428
 0.475509
 -0.922117
 -0.709708
 -0.953856
 0.242897
 -0.670705
 0.832209
 0.660817
 -0.708609
 0.666555
 0.891476
 -0.28843
 0.12888
 -0.842952
 -0.506943
 0.441145
 0.0755943
 -0.303507
 0.380902
 -0.674184
 -0.42204
 0.317423
 0.341105
 0.355754
 0.620228
 0.205054
 -0.595386
 -0.322855
 -0.954466
 -0.0171209
 0.241127
 0.661306
 -0.399335
 -0.169836
 0.0563066
 -0.538804
 -0.485214
 -0.00656148
 -0.693594
 0.119541
 -0.573107
 -0.74395
 0.541124
 -0.710807
 -0.527207
 -0.0735801
 -0.312296
 -0.369732
 -0.654958
 0.908567
 -0.910154
 -0.0549028
 0.137608
 -0.582873
 0.611988
 -0.886105
 0.788995
 0.899899
 0.123081
 -0.10593
 0.934446
 -0.271035
 -0.328349
 -0.355449
 0.981872
 0.224708
 0.664968
 0.0397656
 -0.777825
 0.57384
 0.363933
 0.832636
 0.787713
 -0.79516
 -0.99237
 -0.267495
 0.270425
 0.182531
 -0.120701
 -0.542344
 0.813105
 -0.815058
 -0.374859
 0.0268868
 -0.514451
 0.624805
 -0.858882
 -0.648671
 -0.241554
 -0.522385
 0.337382
 0.189795
 0.887509
 0.379925
 -0.905515
 0.530076
 -0.980224
 -0.441145
 -0.275857
 -0.542039
 -0.163793
 0.156957
 -0.754753
 -0.422163
 -0.4597
 0.513291
 0.789666
 0.0458693
 0.00845363
 -0.0351268
 0.44908
 -0.720756
 0.911863
 -0.270608
 0.875912
 -0.596301
 0.624134
 -0.566942
 -0.0494705
 -0.498032
 0.726493
 0.845027
 -0.172704
 -0.274941
 -0.0771813
 -0.618397
 0.672231
 -0.670156
 0.178014
 0.942625
 0.404401
 0.704703
 0.890622
 0.641713
 0.753777
 0.445601
 -0.0862148
 0.994446
 0.948119
 -0.453719
 -0.763726
 0.125523
 -0.659108
 -0.236549
 0.13596
 -0.442061
 0.293741
 0.220618
 -0.381695
 0.14713
 0.624561
 -0.687551
 0.953246
 -0.278726
 0.935179
 -0.0270089
 0.121067
 0.99237
 0.129856
 -0.631275
 0.98236
 -0.701834
 0.438459
 -0.918943
 0.981506
 0.739494
 -0.744926
 0.838618
 0.199561
 0.273721
 -0.89349
 -0.136937
 -0.434248
 0.32902
 0.0611896
 0.891354
 -0.957518
 -0.500717
 -0.107089
 0.935118
 -0.404401
 -0.11539
 0.310282
 -0.158116
 -0.238502
 0.638173
 0.565722
 0.719169
 0.625294
 0.282937
 0.755058
 -0.716117
 0.0210883
 -0.639454
 0.121799
 0.201086
 -0.232337
 -0.0257881
 0.677602
