 0
 -0.207101
 2.49348
 -1.28143
 -0.514455
 0.497581
 1.43036
 -2.58365
 -0.494895
 2.02957
 2.31563
 -5.15047
 2.86381
 0.054243
 2.44863
 -4.56194
 3.12774
 -3.2407
 4.2307
 -3.54106
 3.73013
 -3.85634
 2.81764
 -1.77858
 -0.93912
 0.661653
 3.53681
 -4.46448
 4.6564
 -5.00544
 1.20798
 -1.11412
 3.60108
 -1.98142
 3.25192
 -3.07984
 -2.80966
 3.4793
 -0.204518
 3.09056
 -2.13442
 -1.03962
 -0.79327
 2.57479
 -1.33947
 1.73004
 -4.40135
 0.266931
 2.80034
 0.305923
 0.923804
 -1.89269
 -1.74527
 -1.649
 0.344865
 4.95758
 -2.755
 -0.993118
 -0.999159
 2.50199
 -2.90667
 4.78879
 0.075201
 -3.08064
 3.0066
 -0.676566
 -2.04644
 1.31326
 -2.24816
 -1.34298
 2.38809
 -3.16477
 5.06351
 -1.8751
 -0.897395
 0.393298
 -2.63391
 3.11539
 -3.82469
 1.47245
 2.31348
 -0.15318
 -0.719008
 0.20325
 0.81978
 -1.92039
 -2.55186
 4.58206
 -0.707688
 1.59813
 -4.98596
 0.372532
 0.386334
 4.17035
 -2.33097
 -3.61864
 5.19656
 0.877218
 -3.61075
 2.31763
 -1.71171
 -0.354066
 -1.60235
 4.56897
 -1.44648
 1.97622
 -2.52835
 3.01252
 -2.47011
 1.17987
 -1.96096
 2.60149
 -0.627344
 0.801731
 0.119542
 0.283675
 2.0558
 -3.4274
 2.12794
 0.332578
 2.21968
 -1.37738
 -1.18771
 1.23365
 -2.70712
 4.90486
 -3.49003
 2.33274
 -3.91251
 5.27138
 -2.27301
 2.00792
 -3.96761
 -1.41063
 2.16297
 -0.742829
 -0.945414
 4.39615
 -0.262236
 -5.07252
 -0.30483
 4.15782
 1.09554
 -2.23589
 1.60899
 -0.975697
 0.219505
 0.178609
 -1.28968
 -0.797656
 3.63614
 -1.06449
 0.922774
 -1.71612
 3.74801
 -1.95616
 2.69672
 -1.40606
 -2.82332
 -0.102168
 0.112172
 3.15913
 -2.45214
 3.0919
 -3.17218
 3.7249
 -6.09253
 4.09048
 -3.90911
 0.223027
 5.13157
 -5.73168
 4.84738
 -1.19593
 -2.8489
 0.899166
 -0.453827
 3.77002
 -1.42794
 -4.08035
 0.423588
 -0.838351
 4.87024
 0.638086
 -5.40688
 0.763513
 2.60057
 -4.18632
 0.116038
 0.944855
 -1.04662
 -1.09675
 0.386297
 0.908468
 -0.78726
 -0.282455
 -2.72502
 5.09636
 -1.44981
 -2.74589
 2.35063
 -1.88419
 -0.955245
 0.165306
 2.52929
 -0.150504
 -2.5621
 0.776942
 -0.657437
 3.16603
 -1.37018
 1.20716
 -1.30005
 0.198889
 -1.16444
 1.58206
 2.0571
 -0.55333
 -2.01047
 -2.17401
 1.10573
 3.91419
 -3.83679
 -1.45461
 -1.55843
 3.36721
 -3.55944
 -0.209808
 2.36197
 2.53847
 -4.0258
 -0.94288
 -1.03089
 1.08885
 2.94114
 -2.57793
 -2.11736
 4.66232
 -0.536558
 -3.84217
 3.44244
 -2.1227
 3.2251
 -3.74373
 4.85487
 -5.11929
 4.37249
 -2.04376
 0.671785
 -0.496854
 -2.631
 1.99995
 -0.186986
 1.72492
 0.106665
 -1.37386
 -1.80128
 0.799402
 4.04031
 -3.03227
 1.83568
 -2.13342
 2.52138
 -4.85911
 3.13148
 -3.67841
 2.74875
 -1.09723
 1.1676
 -0.1784
 2.19235
 -2.83165
 2.56896
 -5.0363
 6.644
 -6.05915
 1.41313
 3.74937
 -5.62001
 3.98271
 -0.2611
 0.030657
 1.097
 -3.63984
 4.4981
 -4.49133
 2.74085
 0.594681
 -2.8162
 2.18956
 0.717053
 2.66088
 -4.19019
 0.968903
 2.67298
 -1.97014
 1.53966
 -0.176657
 -0.58361
 2.89676
 -6.10888
 2.93434
 -2.26483
 2.67843
 -4.34773
 -0.160695
 3.85457
 -0.847402
 -0.334752
 0.204229
 -0.265286
 1.91404
 -3.80523
 3.80189
 -2.57286
 2.70217
 -4.55686
 -0.190417
 -0.880615
 4.98788
 -2.81225
 3.47662
 0.0255555
 1.07695
 -0.137042
 0.977906
 -1.68719
 2.42157
 -4.99172
 4.81602
 -0.764641
 1.94575
 -1.40725
 -3.02546
 4.38487
 -4.0172
 2.80573
 -2.77484
 2.98663
 -4.85617
 1.65526
 -0.141984
 -1.00509
 1.38846
 -1.86499
 0.0619177
 4.4794
 -5.34909
 -0.614479
 5.111
 -5.00836
 0.39503
 2.76081
 -1.05637
 -0.457197
 0.69212
 0.569635
 -2.96154
 -1.18176
 4.69829
 -4.09124
 2.37797
 -2.57937
 3.61215
 -4.92975
 2.59298
 -0.250511
 0.471289
 -1.98637
 -1.36631
 2.06206
 0.718268
 -3.72354
 1.80198
 -0.281277
 1.30198
 -0.213228
 -1.39795
 1.72331
 -0.445151
 1.59468
 0.812514
 -2.33689
 2.57421
 -4.6915
 1.53704
 2.28334
 -3.98407
 3.06658
 -2.1763
 3.72635
 -4.49868
 5.51862
 -1.0146
 -4.75617
 0.07576
 4.59838
 -3.03188
 1.4555
 -3.49412
 5.70762
 -0.337791
 0.861332
 -3.14594
 2.53709
 -3.50751
 1.149
 -1.00244
 1.96758
 0.324584
 -0.330441
 2.1747
 -1.58881
 1.94819
 0.991286
 -0.173281
 0.541868
 -1.11403
 0.995668
 -0.726578
 1.0416
 -3.82178
 2.25503
 1.93766
 -1.91272
 -1.73369
 1.46803
 -1.31697
 -1.31487
 -0.62421
 3.88037
 0.112441
 1.38005
 -2.62549
 1.14848
 -0.134913
 1.69357
 -3.13811
 0.439383
 -1.78049
 2.82761
 0.212381
 0.191558
 1.68823
 -4.14887
 -0.242612
 -0.973637
 4.04009
 -1.6586
 1.36421
 1.56431
 -0.784838
 -2.43163
 3.52986
 -2.8586
 -1.98558
 0.524003
 4.41917
 -3.65804
 1.49431
 -3.61744
 -0.16157
 1.35594
 3.36072
 -1.78858
 -2.27837
 2.10711
 2.0262
 -2.75366
 -0.335618
 2.12404
 -1.71384
 1.11858
 -2.68147
 0.873543
 0.420398
 1.18019
 -3.01928
 5.0908
 -1.82962
 -1.98461
 0.283485
 0.0434483
 1.74362
 -3.08682
 3.77191
 -3.79856
 2.10782
 0.502123
 0.933699
 -3.78281
 -0.249526
 1.15915
 1.10521
 -3.24102
 0.359473
 3.99111
 -3.24404
 0.511338
 -2.80211
 3.92494
 -1.75227
 2.42084
 -2.61354
 1.29168
 -3.44978
 3.26192
 -3.09094
 -0.544683
 1.96495
 -2.31987
 -0.638138
 4.81715
 -5.51995
 4.89536
 -4.87017
 1.12962
 -0.209078
 3.365
 -0.660929
 -3.24781
 -0.531924
 4.24343
 -3.62163
 4.6295
 -5.02839
 2.1025
 2.6458
 -2.08863
 1.25526
 -4.23021
 0.260013
 1.68114
 0.129907
 1.60288
 -4.68468
 0.595899
 2.13097
 1.27822
 -1.00589
 -4.21399
 4.72738
 1.70883
 -0.765417
 -2.98481
 -1.90343
 0.347156
 4.26903
 -1.79352
 -2.01838
 0.548901
 3.40582
 0.236611
 -2.23471
 3.52304
 0.396354
 0.723466
 0.520014
 -2.59284
 0.0912216
 -0.495807
 2.19187
 -1.79586
 0.575721
 -2.01618
 2.6562
 -1.78499
 2.45124
 -0.2206
 0.676836
 1.88548
 -3.91626
 0.0738175
 3.42213
 0.590919
 -5.03125
 4.81466
 1.2389
 -5.4657
 0.740702
 3.27064
 -2.63673
 -2.20081
 1.7538
 -0.302365
 0.220947
 -0.459703
 -2.42765
 4.19763
 -1.01445
 -1.94193
 3.28896
 -1.36298
 -1.47949
 -0.616612
 3.60195
 -2.34685
 -0.760882
 3.26175
 0.604824
 -2.32546
 -0.909147
 2.06018
 0.759353
 1.58405
 -0.610984
 -3.75663
 2.9506
 0.915299
 -2.68037
 3.00338
 1.27362
 -1.63317
 -2.50302
 -0.392094
 -1.16332
 1.88795
 0.587905
 2.3681
 -2.68952
 -2.60495
 0.850514
 -1.35759
 2.16045
 -1.16552
 1.37778
 0.305506
 -2.06252
 -0.377179
 -2.12346
 4.80556
 0.336426
 -2.86634
 0.418641
 -2.33355
 -0.553066
 1.81384
 1.5706
 -1.72236
 0.0727881
 -2.73894
 0.820225
 -1.96578
 0.875202
 -1.10527
 0.664148
 1.77669
 -2.68509
 -1.46271
 4.91105
 -3.73871
 4.89375
 -0.640974
 -3.65567
 -0.074703
 -1.56376
 4.78979
 -0.302456
 -1.91254
 1.45968
 0.550042
 -1.42558
 0.284154
 -3.00467
 0.806559
 -0.186876
 2.24437
 -0.397774
 -3.09954
 -1.01005
 0.683592
 -1.67744
 4.83233
 -3.58282
 3.39358
 -2.33594
 0.868805
 0.667134
 -3.37954
 4.42636
 -0.21835
 -2.56279
 0.521324
 -2.02094
 3.20241
 1.63662
 0.198098
 -0.488937
 -2.30005
 4.33249
 -1.29387
 1.91339
 -3.41803
 0.620493
 1.31507
 -2.18973
 1.68398
 -2.6525
 2.92811
 -2.65489
 -0.0171069
 -1.5101
 5.49634
 -4.9001
 1.2267
 -2.01553
 0.845219
 4.16156
 -1.91501
 1.64264
 -1.37794
 0.0964597
 -0.222803
 -1.13077
 -0.250842
 1.74115
 0.441481
 1.62028
 -2.48917
 -1.11667
 3.00519
 1.15268
 -1.79804
 -1.92656
 4.45052
 -0.599403
 0.428366
 1.17251
 -1.13107
 0.0699572
 -1.13497
 -1.00926
 4.28618
 -0.727634
 -2.65966
 0.949517
 -0.787304
 3.2559
 -3.27039
 2.62753
 -2.35129
 -0.59686
 2.82356
 -3.29274
 3.31152
 1.33103
 -1.1203
 1.17374
 1.26485
 0.034685
 -4.62366
 2.72123
 -2.42982
 -0.390964
 4.26891
 0.489159
 -3.12153
 3.13457
 -1.42976
 1.78479
 -0.552594
 -0.646067
 0.319311
 -0.644336
 0.914343
 0.865239
 1.36922
 -4.17314
 4.0789
 1.0093
 -4.38088
 3.84293
 -0.547981
 0.552783
 -1.07955
 1.10493
 -3.22921
 5.73649
 -2.51479
 -2.51163
 2.52888
 0.567846
 -1.29729
 2.44122
 -0.198715
 -1.92506
 3.0379
 -1.5428
 -2.85338
 4.75976
 -2.75385
 3.19215
 -2.82
 0.3013
 0.775159
 0.80539
 1.99474
 -0.162373
 -4.43459
 3.91675
 -0.794006
 2.63112
 -1.30135
 -3.91221
 0.461751
 -1.46007
 3.74058
 -3.65246
 5.26407
 -1.26818
 -3.8282
 4.58713
 1.20308
 -3.76139
 1.79679
 -3.26876
 0.732846
 2.69943
 -1.24379
 -0.926913
 1.78148
 -3.0648
 0.317109
 2.25998
 -0.0283051
 0.179354
 1.37023
 -1.09759
 -2.59212
 0.720322
 -2.12582
 2.70899
 0.471508
 1.76249
 -3.95145
 1.1953
 0.441886
 -1.48067
 -0.193464
 1.29754
 -2.31893
 2.09173
 -2.58788
 -0.226809
 3.40201
 -4.4612
 0.752804
 1.03615
 -1.03496
 -0.406752
 -1.34107
 5.26015
 -6.03572
 2.52149
 0.167689
 -2.03307
 3.70755
 -5.42585
 5.83115
 0.455341
 -2.01558
 -0.763573
 3.75293
 -3.61897
 -0.190277
 -0.474933
 4.56948
 -2.10379
 1.67144
 -2.29071
 -2.35611
 4.66288
 -0.594221
 1.76561
 -0.0418846
 -4.78565
 -0.863482
 1.94455
 1.97265
 -0.557849
 -1.18815
 -1.15652
 3.99005
 -5.2044
 1.60833
 0.344124
 -1.54053
 3.60334
 -5.30888
 0.978613
 0.330961
 -0.505485
 2.1958
 -0.916004
 2.57294
 -1.47164
 -4.04091
 5.14327
 -5.17394
 1.59236
 -0.191887
 -0.709451
 0.408075
 1.15007
 -3.16202
 1.06129
 -0.542732
 2.73378
 0.785312
 -2.21348
 0.411495
 -0.467182
 2.3125
 -4.35245
 5.82435
 -4.3977
 4.22929
 -4.69139
 4.05515
 -3.8435
 1.65412
 -2.0467
 4.58549
 -0.0778624
 -2.71459
 -0.562892
 0.685828
 -1.48457
 4.22096
 -4.6959
 2.8639
 2.35263
 -1.27963
 1.16474
 0.733083
 0.281513
 1.0106
 -0.915069
 -0.871659
 3.87101
 0.195917
 -4.1196
 -0.748234
 2.51393
 -2.6612
 1.61519
 0.250838
 -1.33401
 1.85325
 0.0322299
 -1.66195
 1.48123
 1.3918
 -3.82338
 5.15509
 -4.14447
 4.56525
 -3.19943
 1.23453
 2.79446
 -2.10804
 -2.68271
 5.38326
 -5.54323
 4.19782
 -5.11616
 6.80937
 -1.21113
 -4.37814
 4.96403
 -1.88789
 1.12435
 -4.08692
 2.2128
 -0.867338
 2.01609
 -0.599304
 2.89341
 -6.2762
 1.8866
 0.450894
 4.13775
 -4.78537
 1.06576
 0.984505
 -1.218
 0.0218285
 2.7202
 -0.41662
 1.48712
 -0.560733
 -0.219816
 1.62639
 -4.08819
 2.51152
 -2.37537
 2.14192
 0.271028
 -1.134
 0.282159
 2.26113
