 0
 0.120643
 -0.519878
 0.934457
 -0.0311719
 -0.371128
 -0.703939
 0.689515
 -0.328759
 0.650475
 -0.703528
 -0.150547
 -0.424483
 1.15805
 -0.578292
 0.975814
 -1.48796
 0.242202
 -0.450269
 0.898635
 -0.462961
 -0.339184
 1.25923
 -0.481884
 0.128294
 -0.190026
 -0.323317
 0.930389
 -0.339955
 -0.883702
 0.16951
 -0.343233
 0.15266
 -0.167761
 -0.175293
 1.66833
 -1.3109
 0.550446
 -1.12126
 1.57718
 -0.547907
 -0.925699
 1.41452
 0.126646
 -0.63323
 -0.3383
 0.32808
 -0.753674
 1.29564
 -1.06813
 0.151508
 0.0978894
 1.34649
 -0.0965339
 -0.381946
 -1.3043
 1.50914
 0.175246
 -0.315126
 -0.839312
 -0.0666937
 0.452084
 -0.837763
 1.33082
 -1.1164
 0.560135
 0.727521
 -0.240664
 0.347818
 -1.19021
 0.817597
 -0.656666
 0.176133
 0.868748
 -0.357301
 -0.549569
 0.487545
 -0.954424
 -0.0857852
 1.58071
 -0.8284
 1.06551
 -0.211658
 -1.48593
 1.68855
 -0.364404
 -0.524576
 -0.98331
 1.7371
 -1.23735
 0.587414
 0.615835
 -0.76073
 -0.125584
 -0.0941758
 -0.0576257
 -0.099455
 -0.307154
 0.823448
 -1.04354
 0.203561
