-0.0914975
-0.0149632
-0.0390912
0.0863033
0.0427839
0.000326548
0.0720145
0.0481124
-0.0260475
0.0511093
-0.0956542
0.044322
-0.0361248
-0.0289529
-0.000790429
0.0241981
-0.05468
-0.0798639
-0.0982727
-0.0229408
-0.0238014
-0.0529832
0.0988769
0.0432539
-0.0683401
0.0376507
0.0985046
0.00206
0.0653737
-0.0434614
-0.0693655
0.0928159
-0.0288614
0.0867977
0.0522629
0.0254738
-0.0237892
-0.0247047
-0.0630604
-0.063097
0.0974548
-0.0108737
-0.069628
-0.050914
-0.00835292
-0.0103488
0.0532579
0.085577
0.0312357
0.0303812
-0.0673391
0.00234687
-0.0633656
-0.0150792
-0.0568224
0.0894284
0.0964904
-0.0887448
-0.0609485
-0.000607318
0.00704672
0.0586352
0.058623
-0.0408673
-0.0380657
-0.0767876
-0.017777
-0.07893
0.0235755
0.0588549
-0.0750603
-0.089996
0.00746788
0.0492172
-0.0547288
0.0220069
-0.0893429
-0.0525803
0.0511399
0.0314737
-0.0844478
-0.0104404
0.0843745
0.0626026
0.000381481
0.0882687
0.064977
0.0816584
0.0876095
-0.0873775
-0.0235878
0.0660756
-0.0386334
0.0606677
0.0731437
0.00688192
0.0854366
-0.0693411
0.0916746
0.000485244
