 -0.0914975
 0.108092
 -0.456446
 0.661349
 0.512886
 0.108614
 -0.573087
 0.127428
 -0.308759
 0.521119
 -0.396741
 -0.350779
 -0.880243
 0.385507
 -0.209891
 0.900267
 -0.825991
 -0.507249
 -1.05205
 0.0585604
 -0.425946
 -0.711631
 0.730457
 0.107217
 0.174737
 -0.00802245
 -0.29301
 0.563137
 0.212753
 -0.76514
 -0.60751
 -0.799866
 -0.656574
 -0.662898
 -0.794919
 0.937449
 -0.539063
 0.122296
 -1.20928
 0.501732
 -0.0205876
 -0.984298
 0.398547
 0.441421
 -0.129884
 -0.514212
 -0.150376
 -0.892646
 0.476099
 -0.694036
 -0.510957
 -0.39685
 0.950228
 0.811677
 0.347396
 -0.948974
 0.616496
 0.500831
 0.267365
 -0.576606
 -0.634676
 -0.108463
 -0.916833
 0.467301
 -0.749014
 -0.0796442
 0.635482
 0.307018
 0.744914
 -0.549858
 0.190984
 -0.589384
 -0.20433
 0.708111
 0.211332
 -0.253376
 0.106894
 -0.877349
 -0.752775
 0.864015
 -0.134662
 1.11992
 0.819378
 -0.743241
 0.931713
 0.493295
 0.0262187
 -0.995282
 0.847293
 -0.66429
 0.180118
 0.804769
 -0.0855126
 -0.0856092
 -0.213714
 -0.303847
 -0.282433
 -0.702442
 0.361786
 -0.816159
