0.0291452
-0.411786
0.478011
0.630177
0.141758
-0.595325
0.116428
-0.201331
0.341716
-0.182409
-0.547288
-0.775262
0.27781
-0.192785
0.765923
-0.587695
-0.583789
-0.957518
-0.153417
-0.404401
-0.76513
0.547594
0.248573
0.235511
-0.0152898
-0.331339
0.637379
0.223182
-0.670949
-0.59563
-0.950743
-0.647206
-0.824335
-0.838191
0.873409
-0.373455
0.0113834
-0.998962
0.367901
-0.0461745
-0.946287
0.430219
0.525193
-0.191809
-0.468184
-0.186132
-0.90405
0.402997
-0.592029
-0.542528
-0.413068
0.949644
0.853694
0.429731
-0.956908
0.560167
0.791742
0.185705
-0.571947
-0.6433
-0.182592
-0.946226
0.413984
-0.649098
-0.188879
0.647877
0.394818
0.654836
-0.445296
0.267739
-0.465682
-0.413251
0.664418
0.35081
-0.338237
0.234169
-0.84753
-0.963134
0.827937
0.0356151
0.930845
0.908261
-0.666555
0.945311
0.567309
-0.0312815
-0.957091
0.741813
-0.390057
-0.0768761
0.795953
0.0440382
-0.211097
-0.179785
-0.27134
-0.403302
-0.589587
0.121006
-0.681753
-0.612598
