 0
 0.410185
 -1.71933
 3.01746
 0.108104
 -1.06022
 -2.34022
 2.11594
 -1.07038
 2.12751
 -2.21591
 -0.617186
 -1.60879
 3.60204
 -1.83831
 3.21433
 -4.77218
 0.515193
 -1.74233
 2.66384
 -1.60613
 -1.37048
 3.92844
 -1.48764
 0.394211
 -0.63676
 -1.16596
 2.96732
 -0.979699
 -2.96442
 0.26302
 -1.4125
 0.136239
 -0.892127
 -0.984841
 5.21335
 -4.2487
 1.55553
 -3.90809
 4.8181
 -1.77633
 -3.27999
 4.30647
 0.493516
 -2.0394
 -1.28993
 0.840437
 -2.70629
 3.95991
 -3.55865
 0.160862
 0.0391615
 4.32357
 -0.0441243
 -1.05314
 -4.34194
 4.70206
 0.77047
 -0.826696
 -2.73498
 -0.443801
 1.29336
 -2.91128
 4.12679
 -3.66142
 1.59223
 2.3854
 -0.615419
 1.28915
 -3.80101
 2.54944
 -2.13601
 0.43284
 2.85819
 -0.962883
 -1.75952
 1.54685
 -3.16083
 -0.589229
 5.04255
 -2.51615
 3.59178
 -0.324384
 -4.74158
 5.45729
 -0.847336
 -1.53768
 -3.30721
 5.54885
 -3.86943
 1.83983
 2.17142
 -2.26256
 -0.407359
 -0.350804
 -0.264204
 -0.429474
 -1.17543
 2.54575
 -3.47262
 0.3501
