 0
 0.123056
 -0.417354
 0.575046
 0.470103
 0.108287
 -0.645101
 0.0793152
 -0.282712
 0.47001
 -0.301087
 -0.395101
 -0.844118
 0.41446
 -0.2091
 0.876069
 -0.771311
 -0.427386
 -0.95378
 0.0815012
 -0.402145
 -0.658648
 0.63158
 0.0639634
 0.243077
 -0.0456731
 -0.391515
 0.561077
 0.147379
 -0.721679
 -0.538145
 -0.892681
 -0.627713
 -0.749696
 -0.847182
 0.911975
 -0.515274
 0.147001
 -1.14622
 0.564829
 -0.118042
 -0.973425
 0.468175
 0.492335
 -0.121531
 -0.503863
 -0.203634
 -0.978223
 0.444863
 -0.724417
 -0.443618
 -0.399196
 1.01359
 0.826756
 0.404219
 -1.0384
 0.520006
 0.589576
 0.328313
 -0.575999
 -0.641722
 -0.167098
 -0.975456
 0.508169
 -0.710949
 -0.0028566
 0.653259
 0.385948
 0.721338
 -0.608713
 0.266044
 -0.499388
 -0.211798
 0.658894
 0.266061
 -0.275383
 0.196236
 -0.824769
 -0.803915
 0.832541
 -0.0502143
 1.13036
 0.735003
 -0.805843
 0.931332
 0.405026
 -0.0387583
 -1.07694
 0.759684
 -0.576913
 0.203706
 0.738693
 -0.0468792
 -0.146277
 -0.286858
 -0.310729
 -0.367869
 -0.633101
 0.270112
 -0.816644
 -0.490821
