 0.00154486
 0.00595465
 0.00144293
 0.0237944
 0.0221841
 0.0164876
 -0.00741421
 -0.00951933
 -0.0129254
 -0.00439261
 0.00337418
 0.00576191
 -0.00131935
 -0.00188255
 0.00211778
 0.00919688
 0.0243487
 0.0148138
 0.023563
 0.021378
 -0.00045882
 0.00705123
 0.00306685
 0.00324107
 -0.0140951
 -0.0129408
 -0.0107717
 0.00748361
 -0.0136318
 0.0171312
 0.010338
 0.00574895
 -0.000545892
 -0.00252471
 0.000835438
 0.00107717
 0.0100895
 -0.00163252
 0.0106691
 0.00107993
 -0.00859489
 -0.000463698
 0.00547178
 -0.00832851
 -0.00145616
 0.00429445
 -0.0138038
 0.00654631
 0.0152638
 0.0109252
 0.010755
 -0.0118193
 -0.0113143
 -0.0187389
 -0.0311199
 -0.00148454
 0.0259448
 0.000312263
 -0.0156383
 -0.0030178
 -0.00100168
 0.000169744
 -0.0199682
 -0.01175
 -0.00814497
 -0.00953542
 0.0136662
 -0.00191457
 -0.000964765
 -0.00320534
 -0.000593339
 -0.00417328
 0.00231859
 -0.00371386
 0.000394998
 -0.00927125
 0.0111548
 0.0227039
 0.00857531
 -0.0119007
 -0.00851693
 0.00571154
 0.0210572
 -0.00117673
 -0.00370506
 -0.00875392
 0.00345282
 0.0163217
 -0.00112487
 0.0270404
 0.0128736
 0.0289566
 0.0136811
 0.00983379
 0.00752679
 0.00430452
 0.00191041
 -0.000403217
 -0.00731528
 0.00770714
 -0.00425885
 -0.00465841
 0.00428524
 0.00891265
 0.0237712
 0.00862885
 0.00353431
 -0.000188226
 0.00782812
 -0.00488207
 0.00248112
 0.0194714
 0.0204619
 0.0291924
 0.00746387
 -0.00027197
 0.00246633
 0.0165579
 0.0117008
 -0.0075393
 -0.00506173
 0.0011563
 0.0108607
 0.017137
 0.00730338
 0.00163269
 0.000466663
 0.00306926
 0.00705555
 0.000749006
 0.0106388
 0.00136266
 0.0110309
 -0.00177287
 -0.00190666
 0.00626744
 0.00633331
 0.016344
 0.0159568
 0.00519678
 0.00654585
 0.0163159
 0.00731446
 0.00811615
 0.000245035
 -0.0025509
 -0.00705561
 -0.00294105
 0.0102226
 0.0251097
 0.0123862
 -0.00304987
 0.00286342
 0.00602228
 0.0103842
 0.0127597
 -0.000931798
 -3.62453e-005
 -0.00702108
 0.00693598
 -0.00407054
 0.00126323
 0.000383698
 0.00911998
 0.0255703
 0.0287105
 0.0171575
 0.00373937
 -0.0119954
 -0.0193645
 -0.00204043
 -0.0109914
 -0.00724017
 -0.00408017
 -0.00109074
 -0.00685938
 -0.0133126
 -0.0256437
 -0.0133522
 0.000315341
 -0.0176883
 -0.0166402
 -0.00285822
 0.00967493
 -0.00612763
 0.00177669
 0.00700084
 -0.0107825
 -0.00223425
 0.00414888
 -0.0110825
 -0.000691804
 -0.00571499
 0.00847972
 0.0318844
 0.0282509
 0.0141291
 0.00106052
 0.00964885
 0.0172056
 -0.000249621
 0.00211784
 -0.00140598
 -0.0126735
 0.00708149
 -0.00230487
 0.0043817
 -0.00709199
 0.000725683
 -0.0076761
 -0.0122532
 -0.0317974
 -0.00594968
 0.00858121
 0.0190102
 0.0229399
 0.0290739
 0.01415
 0.0129315
 0.0228134
 0.00740266
 0.0132911
 -0.0171713
 0.00441701
 0.0219313
 0.000537291
 0.000107229
 -0.00478408
 -0.00310866
 -0.0103479
 0.00629252
 0.00169772
 -0.0129908
 0.00344952
 0.00320572
 0.00775911
 0.00724676
 0.0131336
 -0.00900395
 -0.00332783
 -0.0065685
 0.0230679
 0.0207442
 0.00878726
 0.0211871
 0.0104397
 0.00593966
 0.00094986
 0.0108789
 -0.00305609
 -0.0142965
 -0.0122912
 0.00231462
 -0.00771312
 0.00980067
 -0.00205504
 -0.000697566
 -0.0163534
 -0.0140514
 -0.00812853
 -0.0315621
 -0.0137101
 8.67988e-006
 0.0150937
 0.0140932
 0.0036262
 0.0140989
 0.00692682
 0.000708074
 -0.0126562
 0.00716093
 0.0159718
 0.0076719
 -0.008375
 -0.00478251
 0.00871476
 -0.00571703
 -0.00224326
 -0.0112798
 -0.00495434
 0.00344984
 0.0239604
 0.0100334
 0.0115285
 0.0108702
 -0.00437396
 -0.000959327
 0.00617159
 9.35644e-005
 -0.0174665
 -0.00785044
 0.00411271
 0.0149601
 0.00475434
 0.00472297
 0.0148799
 0.0168416
 0.00801916
 0.0229514
 0.00798054
 0.00505178
 -0.0141226
 0.00377232
 0.0106946
 0.00154096
 0.00130765
 0.0210342
 0.0104335
 0.0138532
 0.00922866
 0.00288288
 -0.00472823
 0.00929611
 -0.00584108
 0.0011448
 0.00984743
 -0.010996
 -0.00280496
 0.0143735
 0.0178392
 0.00237473
 -0.0031851
 -0.00318142
 -0.0107174
 -0.0119268
 -9.96836e-005
 -0.0174544
 -0.0122891
 -0.00898359
 0.00557043
 -0.00403714
 0.0110546
 0.0147477
 -0.00835244
 -0.00413629
 -0.0127235
 -0.0103963
 0.00190242
 0.00932532
 0.00226403
 0.00700545
 -0.00486812
 -0.0099571
 -0.000373784
 0.0169992
 0.0110741
 0.0159732
 0.00570923
 0.00462822
 0.00106787
 -0.00180971
 0.0134766
 0.00848576
 -0.00675158
 -0.00144403
 -0.00921902
 -0.0130666
 -0.00923609
 0.00796184
 0.0105628
 0.0146293
 0.00470206
 -2.65897e-005
 0.00273858
 0.00504763
 0.0212515
 0.00283957
 -0.0144523
 0.00310139
 0.00709597
 0.0104619
 -0.0006552
 0.00624884
 -0.000817113
 0.0131627
 0.00520769
 0.00181616
 -0.016643
 0.00617585
 -0.0102309
 -0.000617285
 -0.0262559
 -0.00977461
 0.00624496
 0.016173
 0.0124825
 0.0240503
 0.00492526
 0.017787
 -0.00425843
 0.00182421
 -0.00603158
 -0.000817051
 -0.000656973
 -0.00686018
 0.0039331
 0.00278125
 -0.00845828
 0.00986701
 -0.00175449
 -0.0109648
 -0.0171893
 -0.0300299
 -0.0137127
 -0.00678405
 0.00632309
 -0.00296366
 0.00535856
 -0.0190763
 -0.00157335
 0.0131002
 0.00989407
 0.0103159
 -0.00849243
 0.00149487
 -0.00701457
 0.00559707
 0.00645863
 0.0167791
 0.00549055
 0.00503
 -0.00407558
 -0.0092381
 -0.013696
 -0.00902365
 -0.0200414
 -0.0120968
 -0.00151216
 -0.00812362
 -0.0142633
 -0.00110402
 -0.00386745
 0.00234789
 0.00587582
 0.0264209
 0.0102976
 0.00238818
 -0.0134908
 -0.00653079
 -0.021082
 -0.0073635
 0.0120473
 0.00591968
 0.00523846
 0.0270635
 0.00897751
 -0.0211148
 -0.00823607
 -0.00537747
 -0.018954
 -0.00285352
 -0.0159829
 -0.00324943
 0.0130083
 -0.0037258
 0.00768843
 0.0156439
 0.0248514
 0.0120966
 -0.0059323
 0.0148591
 0.0263825
 0.0334473
 0.0287648
 0.0124155
 -0.00263563
 0.00163403
 -0.0203072
 -0.00458827
 -0.0126232
 -0.00980045
 -0.0025567
 -0.00244212
 0.022351
 0.0222976
 0.0293812
 0.00164578
 0.00197768
 -0.000819623
 -0.00315175
 -0.00300732
 -0.0248912
 -0.0160652
 0.00142585
 -0.00931598
 -0.0116236
 0.0026863
 0.0122316
 0.0214151
 -0.00502379
 0.00253689
 0.0123529
 0.00745248
 0.0379208
 0.00219842
 -0.00863057
 -0.0292235
 -0.00367694
 -0.00184664
 0.00466975
 -0.00777811
 -0.00398535
 -0.00329125
 0.00373084
 -0.0113164
 0.00460619
 0.00214228
 0.0152954
 0.00275629
 -0.000301707
 -0.010213
 0.00651886
 -0.000238666
 0.011502
 0.01232
 0.013682
 0.0128127
 -0.0143518
 -0.00589302
 -0.00440299
 -0.0112508
 -0.0117521
 -0.00916713
 -0.0223024
 -0.0177281
 -0.00316038
 -0.0084604
 -0.00998224
 -0.00357058
 0.0099586
 0.00440986
 0.0184766
 0.0227642
 -0.0070451
 -0.0124513
 0.00589525
 -0.00798519
 -0.000837262
 -0.021065
 -0.0162441
 -0.00587248
 0.0083216
 -0.00370878
 0.00550705
 0.00189453
 -0.0117782
 -0.00775882
 0.0203559
 -0.00156549
 -0.0124093
 -0.0136145
 0.00963699
 0.0117211
 -0.00327099
 0.00852719
 0.00807424
 0.020111
 0.0107883
 0.015645
 0.0102148
 -0.00135587
 -0.019208
 -0.00685147
 -0.00834906
 -0.00640844
 0.00656459
 0.0124234
 0.0082245
 0.00316656
 -0.00369264
 0.00369202
 0.0124749
 0.00752808
 0.0147204
 0.0158005
 0.0162974
 0.0263384
 0.00705342
 -0.0013269
 0.0016411
 0.00112727
 -0.00515191
 -0.00023098
 -0.0231867
 -0.0237153
 -0.0073866
 -0.000800875
 0.00229742
 0.00730061
 0.00681956
 0.00914184
 0.00346314
 0.00497829
 -0.00171004
 0.000676071
 0.0249431
 0.016788
 -0.00265909
 -0.0148102
 0.000484117
 0.00538983
 -0.00538867
 -0.0105418
 -0.00728356
 0.000801087
 -0.0151901
 -0.0109969
 -0.00873946
 -0.00389005
 0.00998293
 0.00923759
 -0.00160191
 0.00953583
 0.0227796
 0.00532555
 0.00569719
 -0.00351582
 -0.000643234
 -0.00517096
 -0.0182412
 -0.0233261
 -0.010854
 0.00169955
 -0.00233069
 -0.0239106
 -0.0262122
 -0.00660691
 0.00887856
 -0.00299613
 -0.00305633
 -0.00216671
 0.00656172
 0.0184608
 0.00800774
 -0.00680772
 0.00101086
 0.00885533
 0.0145202
 0.0197483
 0.0177049
 0.0217085
 0.00851315
 -0.0145856
 -0.0140932
 -0.00661123
 -0.011257
 -0.00253588
 0.00726144
 0.0118441
 -0.00727236
 -0.0128676
 -0.00763973
 0.00275735
 -0.00208152
 0.00141137
 -0.0017185
 0.00977765
 0.00468077
 -0.0108183
 -0.00543581
 -0.0171067
 -0.00308726
 0.0107322
 -0.000181877
 0.0168668
 0.00986374
 -0.00775865
 0.00617587
 -0.00759786
 -0.0142679
 -0.0156647
 0.000320574
 -0.0114874
 -0.00388045
 -0.000690495
 0.0112906
 0.0183697
 -0.00146499
 -0.0140682
 -0.0101781
 -0.0101512
 0.00158313
 -0.00864166
 -0.0139065
 -0.0150794
 -0.0162905
 0.00402899
 -0.00904191
 -0.00248756
 0.0150216
 0.0330729
 0.0418762
 0.0321302
 0.0150632
 0.0127508
 0.011464
 0.00431096
 0.0031293
 0.00770245
 0.00798059
 0.00969073
 0.0105292
 -0.0165821
 -0.000225442
 -0.0129533
 -0.0114928
 -0.00174435
 0.0170965
 -0.000861598
 0.0150526
 0.00637151
 0.00835775
 0.0104942
 -0.0100344
 0.00111164
 -0.0094887
 0.00332142
 0.0106944
 0.0075813
 -0.0050123
 -0.00662624
 0.00524433
 -0.00380389
 0.00253829
 0.01082
 0.00765702
 0.00566948
 0.0189604
 0.0154073
 0.0228061
 0.0104315
 -0.00130347
 -0.0027636
 -0.0013453
 -0.000688003
 0.000236331
 0.00875437
 0.0104252
 -0.015782
 0.000724473
 -0.00971342
 -0.023489
 -0.0229161
 -0.0210069
 -0.0315874
 -0.00583441
 0.00195439
 0.00614828
 0.0195707
 0.000650159
 -0.00153529
 -0.0019283
 -0.0159995
 -0.0211483
 0.00871816
 0.0199411
 0.00962984
 0.00980589
 -0.00456857
 -0.00536788
 -0.00269814
 -0.0295556
 -0.0275152
 -0.0169759
 0.00297877
 -0.0217897
 -0.0177635
 -0.000622366
 0.00487983
 0.00727763
 0.00780869
 0.00672806
 0.0115211
 0.0036754
 0.00445306
 -0.00973646
 -0.00976857
 -0.0167714
 -0.00664216
 0.012048
 0.000649625
 0.01247
 0.000729665
 -0.011667
 -0.0256993
 -0.0231784
 -0.00181969
 -0.00752642
 -0.0156007
 -0.00535322
 -0.00390403
 -0.000361608
 -0.0122072
 0.00216724
 0.0172963
 -0.0101984
 -0.000136603
 0.00397994
 0.010007
 0.026361
 0.0234402
 0.0136882
 0.0110512
 -0.00507037
 -0.00973102
 -0.0208779
 -0.0348251
 0.0048281
 -0.00498556
 0.00715447
 0.010684
 -0.00471244
 -0.00571877
 0.0254458
 0.0178802
 -0.0116228
 -0.00114372
 0.016087
 0.0168735
 0.00694277
 0.00750106
 0.0186118
 0.0101878
 0.00802652
 -0.00280796
 -0.00208048
 -0.00286291
 0.00112998
 0.0177976
 0.00761726
 -0.000764698
 -0.000457586
 0.000529432
 0.00295111
 -0.0194677
 -0.00457762
 0.0020896
 -0.00352108
 -0.0206723
 -0.0184803
 -0.00975737
 0.00777762
 0.00505241
 0.00389798
 0.00581258
 0.0116006
 0.00553319
 0.017218
 -0.00770434
 -0.011898
 -0.00909997
 -0.0138424
 -0.0113299
 -0.014112
 -0.015149
 -0.0148556
 -0.0156689
 0.000318226
 0.00364061
 -2.71538e-005
 -0.00509268
 -0.0272812
 0.00169882
 0.0054397
 -0.00137419
 -0.00972117
 -0.0123268
 -0.0195943
 -0.017994
 -0.008882
 -0.00344283
 0.00235599
 -0.0132746
 -0.0135171
 -0.00317565
 -0.0114913
 -0.00588081
 0.00642805
 0.0044304
 0.00303015
 0.00697343
 -0.00472135
 -0.00582863
 -0.0169407
 -0.00368736
 -0.01271
 0.00322809
 -0.0044508
 0.0102538
 0.00848951
 0.000117105
 0.0188918
 -0.00137667
 0.016009
 0.0222683
 0.0035187
 0.0165434
 0.0109489
 0.01107
 0.0113047
 0.0245991
 0.0164522
 0.019213
 0.0157743
 0.00112297
 0.0115541
 0.00479916
 0.0107792
 0.0236639
 0.00713687
 -0.00765299
 -0.0179765
 -0.0160591
 -0.0218206
 -0.00335627
 0.00892242
 0.00595411
 0.0142476
 0.0023971
 -0.0125272
 -0.000253262
 0.00152248
 -0.0243384
 -0.0154732
 -0.0218
 -0.0298873
 -0.0178799
 -0.0131009
 -0.00498657
 0.00482194
 -0.00371115
 0.0107807
 0.00733449
 -0.00423555
 0.00475452
 0.00124133
 0.0151336
 0.0128398
 0.0146535
 0.0121927
 0.0122068
 0.0148133
 -0.00677071
 0.0101564
 0.0107465
 -0.010927
 -0.00975038
 0.0119617
 0.0145487
 -0.00107257
 0.00176168
 0.00249028
 0.000617322
 -0.00457945
 -0.00834482
 -0.00250175
 -0.00700908
 0.00210215
 0.0312288
 0.0198068
 0.000305275
 -0.00430058
 0.000115303
 -0.0145189
 -0.0208345
 -0.00897595
 -0.00394801
 -0.0139852
 -0.0266939
 -0.0167958
 -0.0194101
 -0.0207913
 -0.0166255
 -0.00850759
 -0.00490988
 0.000588983
 -0.00993284
 -0.00938924
 -0.0160531
 -0.024188
 -0.00817908
 -0.00854938
 -0.00361067
 -0.030215
 0.00189206
 -0.00630474
 -0.00509957
 0.0069193
 0.00279287
 -0.00164771
 -0.00877559
 -0.00722036
 -0.0125249
 0.00619408
 0.0275047
 0.00974893
 0.00271116
 0.0111609
 0.0129852
 0.00626591
 0.0106771
 0.0127974
