 -0.0237009
 -0.0219978
 -0.131375
 0.0275623
 0.0320972
 0.0267536
 0.0173743
 0.00311015
 -0.0143497
 -0.0310969
 -0.0437619
 -0.05009
 -0.0490186
 -0.0405918
 -0.0259601
 -0.00731491
 0.0123103
 0.0294209
 0.0406478
 0.0435069
 0.0371032
 0.022298
 0.00257145
 -0.0123078
 -0.0245616
 -0.0305571
 -0.0267851
 -0.0147526
 -0.000544148
 0.0131096
 0.0245111
 0.0309919
 0.031141
 0.0247568
 0.0128973
 -0.00238161
 -0.0182454
 -0.0314756
 -0.0390454
 -0.0388544
 -0.0303769
 -0.0148028
 0.00462056
 0.01985
 0.0277793
 0.0302631
 0.0238487
 0.010337
 -0.00680993
 -0.0222044
 -0.0344536
 -0.0410917
 -0.0408363
 -0.0334616
 -0.0200506
 -0.00273449
 0.0155161
 0.0312896
 0.0413013
 0.0431327
 0.0358459
 0.0202022
 0.00146393
 -0.0119878
 -0.026052
 -0.0307546
 -0.0257622
 -0.013381
 0.000228217
 0.0143998
 0.0259107
 0.0323947
 0.0323995
 0.0258489
 0.013795
 -0.00169356
 -0.0177776
 -0.0312218
 -0.0389849
 -0.0389538
 -0.0306047
 -0.0151573
 0.00425405
 0.0197779
 0.0277077
 0.0302505
 0.0239477
 0.0105916
 -0.00655238
 -0.0219678
 -0.0341954
 -0.0408355
 -0.0405984
 -0.033255
 -0.01988
 -0.00260269
 0.0156081
 0.0313427
 0.0413189
 0.0431199
 0.0358056
 0.0201384
 0.00144654
 -0.0119945
 -0.0260895
 -0.0307594
 -0.0257287
 -0.0133448
 0.000254913
 0.0144387
 0.0259532
 0.0324367
 0.0324374
 0.0258818
 0.0138221
 -0.00167282
 -0.0177635
 -0.0312142
 -0.038983
 -0.0389567
 -0.0306114
 -0.0151677
 0.00424293
 0.0197755
 0.0277057
 0.0302501
 0.0239507
 0.0105992
 -0.0065445
 -0.0219607
 -0.0341877
 -0.0408279
 -0.0405912
 -0.0332487
 -0.0198748
 -0.00259873
 0.0156109
 0.0313443
 0.0413195
 0.0431195
 0.0358043
 0.0201365
 0.00144603
 -0.0119948
 -0.0260906
 -0.0307595
 -0.0257277
 -0.0133438
 0.000255719
 0.0144399
 0.0259544
 0.032438
 0.0324386
 0.0258828
 0.0138229
 -0.0016722
 -0.0177631
 -0.0312139
 -0.038983
 -0.0389568
 -0.0306116
 -0.0151681
 0.00424259
 0.0197755
 0.0277057
 0.0302501
 0.0239508
 0.0105994
 -0.00654426
 -0.0219605
 -0.0341874
 -0.0408276
 -0.040591
 -0.0332486
 -0.0198747
 -0.00259861
 0.015611
 0.0313443
 0.0413195
 0.0431195
 0.0358043
 0.0201364
 0.00144601
 -0.0119948
 -0.0260907
 -0.0307596
 -0.0257277
 -0.0133437
 0.000255743
 0.0144399
 0.0259545
 0.032438
 0.0324386
 0.0258828
 0.013823
 -0.00167218
 -0.017763
 -0.0312139
 -0.038983
 -0.0389568
 -0.0306116
 -0.0151681
 0.00424258
 0.0197755
 0.0277057
 0.0302501
 0.0239508
 0.0105994
 -0.00654426
 -0.0219605
 -0.0341874
 -0.0408276
 -0.040591
 -0.0332485
 -0.0198747
 -0.0025986
 0.015611
 0.0313443
 0.0413195
 0.0431195
 0.0358043
 0.0201364
 0.00144601
 -0.0119948
 -0.0260907
 -0.0307596
 -0.0257277
 -0.0133437
 0.000255744
 0.0144399
 0.0259545
 0.032438
 0.0324386
 0.0258828
 0.013823
 -0.00167218
 -0.017763
 -0.0312139
 -0.038983
 -0.0389568
 -0.0306116
 -0.0151681
 0.00424258
 0.0197755
 0.0277057
 0.0302501
 0.0239508
 0.0105994
 -0.00654426
 -0.0219605
 -0.0341874
 -0.0408276
 -0.040591
 -0.0332485
 -0.0198747
 -0.0025986
 0.015611
 0.0313443
 0.0413195
 0.0431195
 0.0358043
 0.0201364
 0.00144601
 -0.0119948
 -0.0260907
 -0.0307596
 -0.0257277
 -0.0133437
 0.000255744
 0.0144399
 0.0259545
 0.032438
 0.0324386
 0.0258828
 0.013823
 -0.00167218
 -0.017763
 -0.0312139
 -0.038983
 -0.0389568
 -0.0306116
 -0.0151681
 0.00424258
 0.0197755
 0.0277057
 0.0302501
 0.0239508
 0.0105994
 -0.00654426
 -0.0219605
 -0.0341874
 -0.0408276
 -0.040591
 -0.0332485
 -0.0198747
 -0.0025986
 0.015611
 0.0313443
 0.0413195
 0.0431195
 0.0358043
 0.0201364
 0.00144601
 -0.0119948
 -0.0260907
 -0.0307596
 -0.0257277
 -0.0133437
 0.000255744
 0.0144399
 0.0259545
 0.032438
 0.0324386
 0.0258828
 0.013823
 -0.00167218
 -0.017763
 -0.0312139
 -0.038983
 -0.0389568
 -0.0306116
 -0.0151681
 0.00424258
 0.0197755
 0.0277057
 0.0302501
 0.0239508
 0.0105994
 -0.00654426
 -0.0219605
 -0.0341874
 -0.0408276
 -0.040591
 -0.0332485
 -0.0198747
 -0.0025986
 0.015611
 0.0313443
 0.0413195
 0.0431195
 0.0358043
 0.0201364
 0.00144601
 -0.0119948
 -0.0260907
 -0.0307596
 -0.0257277
 -0.0133437
 0.000255744
 0.0144399
 0.0259545
 0.032438
 0.0324386
 0.0258828
 0.013823
 -0.00167218
 -0.017763
 -0.0312139
 -0.038983
 -0.0389568
 -0.0306116
 -0.0151681
 0.00424258
 0.0197755
 0.0277057
 0.0302501
 0.0239508
 0.0105994
 -0.00654426
 -0.0219605
 -0.0341874
 -0.0408276
 -0.040591
 -0.0332485
 -0.0198747
 -0.0025986
 0.015611
 0.0313443
 0.0413195
 0.0431195
 0.0358043
 0.0201364
 0.00144601
 -0.0119948
 -0.0260907
 -0.0307596
 -0.0257277
 -0.0133437
 0.000255744
 0.0144399
 0.0259545
 0.032438
 0.0324386
 0.0258828
 0.013823
 -0.00167218
 -0.017763
 -0.0312139
 -0.038983
 -0.0389568
 -0.0306116
 -0.0151681
 0.00424258
 0.0197755
 0.0277057
 0.0302501
 0.0239508
 0.0105994
 -0.00654426
 -0.0219605
 -0.0341874
 -0.0408276
 -0.040591
 -0.0332485
 -0.0198747
 -0.0025986
 0.015611
 0.0313443
 0.0413195
 0.0431195
 0.0358043
 0.0201364
 0.00144601
 -0.0119948
 -0.0260907
 -0.0307596
 -0.0257277
 -0.0133437
 0.000255744
 0.0144399
 0.0259545
 0.032438
 0.0324386
 0.0258828
 0.013823
 -0.00167218
 -0.017763
 -0.0312139
 -0.038983
 -0.0389568
 -0.0306116
 -0.0151681
 0.00424258
 0.0197755
 0.0277057
 0.0302501
 0.0239508
 0.0105994
 -0.00654426
 -0.0219605
 -0.0341874
 -0.0408276
 -0.040591
 -0.0332485
 -0.0198747
 -0.0025986
 0.015611
 0.0313443
 0.0413195
 0.0431195
 0.0358043
 0.0201364
 0.00144601
 -0.0119948
 -0.0260907
 -0.0307596
 -0.0257277
 -0.0133437
 0.000255744
 0.0144399
 0.0259545
 0.032438
 0.0324386
 0.0258828
 0.013823
 -0.00167218
 -0.017763
 -0.0312139
 -0.038983
 -0.0389568
 -0.0306116
 -0.0151681
 0.00424258
 0.0197755
 0.0277057
 0.0302501
 0.0239508
 0.0105994
 -0.00654426
 -0.0219605
 -0.0341874
 -0.0408276
 -0.040591
 -0.0332485
 -0.0198747
 -0.0025986
 0.015611
 0.0313443
 0.0413195
 0.0431195
 0.0358043
 0.0201364
 0.00144601
 -0.0119948
 -0.0260907
 -0.0307596
 -0.0257277
 -0.0133437
 0.000255744
 0.0144399
 0.0259545
 0.032438
 0.0324386
 0.0258828
 0.013823
 -0.00167218
 -0.017763
 -0.0312139
 -0.038983
 -0.0389568
 -0.0306116
 -0.0151681
 0.00424258
 0.0197755
 0.0277057
 0.0302501
 0.0239508
 0.0105994
 -0.00654426
 -0.0219605
 -0.0341874
 -0.0408276
 -0.040591
 -0.0332485
 -0.0198747
 -0.0025986
 0.015611
 0.0313443
 0.0413195
 0.0431195
 0.0358043
 0.0201364
 0.00144601
 -0.0119948
 -0.0260907
 -0.0307596
 -0.0257277
 -0.0133437
 0.000255744
 0.0144399
 0.0259545
 0.032438
 0.0324386
 0.0258828
 0.013823
 -0.00167218
 -0.017763
 -0.0312139
 -0.038983
 -0.0389568
 -0.0306116
 -0.0151681
 0.00424258
 0.0197755
 0.0277057
 0.0302501
 0.0239508
 0.0105994
 -0.00654426
 -0.0219605
 -0.0341874
 -0.0408276
 -0.040591
 -0.0332485
 -0.0198747
 -0.0025986
 0.015611
 0.0313443
 0.0413195
 0.0431195
 0.0358043
 0.0201364
 0.00144601
 -0.0119948
 -0.0260907
 -0.0307596
 -0.0257277
 -0.0133437
 0.000255744
 0.0144399
 0.0259545
 0.032438
 0.0324386
 0.0258828
 0.013823
 -0.00167218
 -0.017763
 -0.0312139
 -0.038983
 -0.0389568
 -0.0306116
 -0.0151681
 0.00424258
 0.0197755
 0.0277057
 0.0302501
 0.0239508
 0.0105994
 -0.00654426
 -0.0219605
 -0.0341874
 -0.0408276
 -0.040591
 -0.0332485
 -0.0198747
 -0.0025986
 0.015611
 0.0313443
 0.0413195
 0.0431195
 0.0358043
 0.0201364
 0.00144601
 -0.0119948
 -0.0260907
 -0.0307596
 -0.0257277
 -0.0133437
 0.000255744
 0.0144399
 0.0259545
 0.032438
 0.0324386
 0.0258828
 0.013823
 -0.00167218
 -0.017763
 -0.0312139
 -0.038983
 -0.0389568
 -0.0306116
 -0.0151681
 0.00424258
 0.0197755
 0.0277057
 0.0302501
 0.0239508
 0.0105994
 -0.00654426
 -0.0219605
 -0.0341874
 -0.0408276
 -0.040591
 -0.0332485
 -0.0198747
 -0.0025986
 0.015611
 0.0313443
 0.0413195
 0.0431195
 0.0358043
 0.0201364
 0.00144601
 -0.0119948
 -0.0260907
 -0.0307596
 -0.0257277
 -0.0133437
 0.000255744
 0.0144399
 0.0259545
 0.032438
 0.0324386
 0.0258828
 0.013823
 -0.00167218
 -0.017763
 -0.0312139
 -0.038983
 -0.0389568
 -0.0306116
 -0.0151681
 0.00424258
 0.0197755
 0.0277057
 0.0302501
 0.0239508
 0.0105994
 -0.00654426
 -0.0219605
 -0.0341874
 -0.0408276
 -0.040591
 -0.0332485
 -0.0198747
 -0.0025986
 0.015611
 0.0313443
 0.0413195
 0.0431195
 0.0358043
 0.0201364
 0.00144601
 -0.0119948
 -0.0260907
 -0.0307596
 -0.0257277
 -0.0133437
 0.000255744
 0.0144399
 0.0259545
 0.032438
 0.0324386
 0.0258828
 0.013823
 -0.00167218
 -0.017763
 -0.0312139
 -0.038983
 -0.0389568
 -0.0306116
 -0.0151681
 0.00424258
 0.0197755
 0.0277057
 0.0302501
 0.0239508
 0.0105994
 -0.00654426
 -0.0219605
 -0.0341874
 -0.0408276
 -0.040591
 -0.0332485
 -0.0198747
 -0.0025986
 0.015611
 0.0313443
 0.0413195
 0.0431195
 0.0358043
 0.0201364
 0.00144601
 -0.0119948
 -0.0260907
 -0.0307596
 -0.0257277
 -0.0133437
 0.000255744
 0.0144399
 0.0259545
 0.032438
 0.0324386
 0.0258828
 0.013823
 -0.00167218
 -0.017763
 -0.0312139
 -0.038983
 -0.0389568
 -0.0306116
 -0.0151681
 0.00424258
 0.0197755
 0.0277057
 0.0302501
 0.0239508
 0.0105994
 -0.00654426
 -0.0219605
 -0.0341874
 -0.0408276
 -0.040591
 -0.0332485
 -0.0198747
 -0.0025986
 0.015611
 0.0313443
 0.0413195
 0.0431195
 0.0358043
 0.0201364
 0.00144601
 -0.0119948
 -0.0260907
 -0.0307596
 -0.0257277
 -0.0133437
 0.000255744
 0.0144399
 0.0259545
 0.032438
 0.0324386
 0.0258828
 0.013823
 -0.00167218
 -0.017763
 -0.0312139
 -0.038983
 -0.0389568
 -0.0306116
 -0.0151681
 0.00424258
 0.0197755
 0.0277057
 0.0302501
 0.0239508
 0.0105994
 -0.00654426
 -0.0219605
 -0.0341874
 -0.0408276
 -0.040591
 -0.0332485
 -0.0198747
 -0.0025986
 0.015611
 0.0313443
 0.0413195
 0.0431195
 0.0358043
 0.0201364
 0.00144601
 -0.0119948
 -0.0260907
 -0.0307596
 -0.0257277
 -0.0133437
 0.000255744
 0.0144399
 0.0259545
 0.032438
 0.0324386
 0.0258828
 0.013823
 -0.00167218
 -0.017763
 -0.0312139
 -0.038983
 -0.0389568
 -0.0306116
 -0.0151681
 0.00424258
 0.0197755
 0.0277057
 0.0302501
 0.0239508
 0.0105994
 -0.00654426
 -0.0219605
 -0.0341874
 -0.0408276
 -0.040591
 -0.0332485
 -0.0198747
 -0.0025986
 0.015611
 0.0313443
 0.0413195
 0.0431195
 0.0358043
 0.0201364
 0.00144601
 -0.0119948
 -0.0260907
 -0.0307596
 -0.0257277
 -0.0133437
 0.000255744
 0.0144399
 0.0259545
 0.032438
 0.0324386
 0.0258828
 0.013823
 -0.00167218
 -0.017763
 -0.0312139
 -0.038983
 -0.0389568
 -0.0306116
 -0.0151681
 0.00424258
 0.0197755
 0.0277057
 0.0302501
 0.0239508
 0.0105994
 -0.00654426
 -0.0219605
 -0.0341874
 -0.0408276
 -0.040591
 -0.0332485
 -0.0198747
 -0.0025986
 0.015611
 0.0313443
 0.0413195
 0.0431195
 0.0358043
 0.0201364
 0.00144601
 -0.0119948
 -0.0260907
 -0.0307596
 -0.0257277
 -0.0133437
 0.000255744
 0.0144399
 0.0259545
 0.032438
 0.0324386
 0.0258828
 0.013823
 -0.00167218
 -0.017763
 -0.0312139
 -0.038983
 -0.0389568
 -0.0306116
 -0.0151681
 0.00424258
 0.0197755
 0.0277057
 0.0302501
 0.0239508
 0.0105994
 -0.00654426
 -0.0219605
 -0.0341874
 -0.0408276
 -0.040591
 -0.0332485
 -0.0198747
 -0.0025986
 0.015611
 0.0313443
 0.0413195
 0.0431195
 0.0358043
 0.0201364
 0.00144601
 -0.0119948
 -0.0260907
 -0.0307596
 -0.0257277
 -0.0133437
 0.000255744
 0.0144399
 0.0259545
 0.032438
 0.0324386
 0.0258828
 0.013823
 -0.00167218
 -0.017763
 -0.0312139
 -0.038983
 -0.0389568
 -0.0306116
 -0.0151681
 0.00424258
 0.0197755
 0.0277057
 0.0302501
 0.0239508
 0.0105994
 -0.00654426
 -0.0219605
 -0.0341874
 -0.0408276
 -0.040591
 -0.0332485
 -0.0198747
 -0.0025986
 0.015611
 0.0313443
 0.0413195
 0.0431195
 0.0358043
 0.0201364
 0.00144601
 -0.0119948
 -0.0260907
 -0.0307596
 -0.0257277
 -0.0133437
 0.000255744
 0.0144399
 0.0259545
 0.032438
 0.0324386
 0.0258828
 0.013823
 -0.00167218
 -0.017763
 -0.0312139
 -0.038983
 -0.0389568
