 0
 -0.0237009
 0.134436
 0.177642
 0.173225
 0.169218
 0.169305
 0.16799
 0.159842
 0.145371
 0.125977
 0.102732
 0.0762018
 0.0469937
 0.0158005
 -0.0166235
 -0.0495251
 -0.0821462
 -0.113696
 -0.143313
 -0.169903
 -0.191384
 -0.20242
 -0.202297
 -0.236299
 -0.247214
 -0.227054
 -0.214286
 -0.199565
 -0.183519
 -0.161808
 -0.1357
 -0.106069
 -0.0740076
 -0.0401627
 -0.00526006
 0.029948
 0.0646577
 0.0980411
 0.129213
 0.157078
 0.179649
 0.19186
 0.187931
 0.195573
 0.231283
 0.2207
 0.210996
 0.19455
 0.17785
 0.15637
 0.130921
 0.101858
 0.0703458
 0.0370729
 0.00277305
 -0.0318479
 -0.0660207
 -0.0989304
 -0.129639
 -0.156765
 -0.177274
 -0.185385
 -0.19574
 -0.243699
 -0.227293
 -0.218442
 -0.20523
 -0.194359
 -0.178017
 -0.156728
 -0.130825
 -0.101689
 -0.0700184
 -0.0365338
 -0.00193976
 0.03298
 0.0674289
 0.100581
 0.131562
 0.159309
 0.181958
 0.194738
 0.191014
 0.195818
 0.231593
 0.222355
 0.21234
 0.195757
 0.178794
 0.157253
 0.131741
 0.102621
 0.0710393
 0.0377038
 0.00334735
 -0.0313237
 -0.0655417
 -0.0984906
 -0.129229
 -0.156363
 -0.176827
 -0.184872
 -0.195695
 -0.243745
 -0.226806
 -0.218166
 -0.204981
 -0.194195
 -0.177853
 -0.156574
 -0.13068
 -0.101557
 -0.0698988
 -0.0364249
 -0.0018402
 0.0330709
 0.067512
 0.100657
 0.131632
 0.159375
 0.182027
 0.194823
 0.191107
 0.195829
 0.231598
 0.222406
 0.21238
 0.195794
 0.178822
 0.157279
 0.131765
 0.102643
 0.0710601
 0.0377227
 0.00336462
 -0.0313079
 -0.0655273
 -0.0984774
 -0.129217
 -0.156351
 -0.176813
 -0.184856
 -0.195694
 -0.243746
 -0.226791
 -0.218158
 -0.204974
 -0.19419
 -0.177848
 -0.15657
 -0.130676
 -0.101553
 -0.0698952
 -0.0364217
 -0.0018372
 0.0330736
 0.0675145
 0.10066
 0.131634
 0.159377
 0.182029
 0.194826
 0.19111
 0.195829
 0.231598
 0.222407
 0.212381
 0.195795
 0.178823
 0.15728
 0.131766
 0.102644
 0.0710608
 0.0377233
 0.00336513
 -0.0313075
 -0.0655269
 -0.098477
 -0.129216
 -0.156351
 -0.176813
 -0.184856
 -0.195694
 -0.243746
 -0.226791
 -0.218158
 -0.204974
 -0.19419
 -0.177848
 -0.156569
 -0.130675
 -0.101553
 -0.0698951
 -0.0364216
 -0.00183711
 0.0330737
 0.0675145
 0.10066
 0.131635
 0.159377
 0.182029
 0.194826
 0.19111
 0.195829
 0.231598
 0.222407
 0.212381
 0.195795
 0.178823
 0.15728
 0.131766
 0.102644
 0.0710608
 0.0377233
 0.00336515
 -0.0313075
 -0.0655269
 -0.098477
 -0.129216
 -0.156351
 -0.176813
 -0.184856
 -0.195694
 -0.243746
 -0.226791
 -0.218158
 -0.204974
 -0.19419
 -0.177848
 -0.156569
 -0.130675
 -0.101553
 -0.0698951
 -0.0364215
 -0.00183711
 0.0330737
 0.0675145
 0.10066
 0.131635
 0.159377
 0.182029
 0.194826
 0.19111
 0.195829
 0.231598
 0.222407
 0.212381
 0.195795
 0.178823
 0.15728
 0.131766
 0.102644
 0.0710608
 0.0377233
 0.00336515
 -0.0313075
 -0.0655269
 -0.098477
 -0.129216
 -0.156351
 -0.176813
 -0.184856
 -0.195694
 -0.243746
 -0.226791
 -0.218158
 -0.204974
 -0.19419
 -0.177848
 -0.156569
 -0.130675
 -0.101553
 -0.0698951
 -0.0364215
 -0.00183711
 0.0330737
 0.0675145
 0.10066
 0.131635
 0.159377
 0.182029
 0.194826
 0.19111
 0.195829
 0.231598
 0.222407
 0.212381
 0.195795
 0.178823
 0.15728
 0.131766
 0.102644
 0.0710608
 0.0377233
 0.00336515
 -0.0313075
 -0.0655269
 -0.098477
 -0.129216
 -0.156351
 -0.176813
 -0.184856
 -0.195694
 -0.243746
 -0.226791
 -0.218158
 -0.204974
 -0.19419
 -0.177848
 -0.156569
 -0.130675
 -0.101553
 -0.0698951
 -0.0364215
 -0.00183711
 0.0330737
 0.0675145
 0.10066
 0.131635
 0.159377
 0.182029
 0.194826
 0.19111
 0.195829
 0.231598
 0.222407
 0.212381
 0.195795
 0.178823
 0.15728
 0.131766
 0.102644
 0.0710608
 0.0377233
 0.00336515
 -0.0313075
 -0.0655269
 -0.098477
 -0.129216
 -0.156351
 -0.176813
 -0.184856
 -0.195694
 -0.243746
 -0.226791
 -0.218158
 -0.204974
 -0.19419
 -0.177848
 -0.156569
 -0.130675
 -0.101553
 -0.0698951
 -0.0364215
 -0.00183711
 0.0330737
 0.0675145
 0.10066
 0.131635
 0.159377
 0.182029
 0.194826
 0.19111
 0.195829
 0.231598
 0.222407
 0.212381
 0.195795
 0.178823
 0.15728
 0.131766
 0.102644
 0.0710608
 0.0377233
 0.00336515
 -0.0313075
 -0.0655269
 -0.098477
 -0.129216
 -0.156351
 -0.176813
 -0.184856
 -0.195694
 -0.243746
 -0.226791
 -0.218158
 -0.204974
 -0.19419
 -0.177848
 -0.156569
 -0.130675
 -0.101553
 -0.0698951
 -0.0364215
 -0.00183711
 0.0330737
 0.0675145
 0.10066
 0.131635
 0.159377
 0.182029
 0.194826
 0.19111
 0.195829
 0.231598
 0.222407
 0.212381
 0.195795
 0.178823
 0.15728
 0.131766
 0.102644
 0.0710608
 0.0377233
 0.00336515
 -0.0313075
 -0.0655269
 -0.098477
 -0.129216
 -0.156351
 -0.176813
 -0.184856
 -0.195694
 -0.243746
 -0.226791
 -0.218158
 -0.204974
 -0.19419
 -0.177848
 -0.156569
 -0.130675
 -0.101553
 -0.0698951
 -0.0364215
 -0.00183711
 0.0330737
 0.0675145
 0.10066
 0.131635
 0.159377
 0.182029
 0.194826
 0.19111
 0.195829
 0.231598
 0.222407
 0.212381
 0.195795
 0.178823
 0.15728
 0.131766
 0.102644
 0.0710608
 0.0377233
 0.00336515
 -0.0313075
 -0.0655269
 -0.098477
 -0.129216
 -0.156351
 -0.176813
 -0.184856
 -0.195694
 -0.243746
 -0.226791
 -0.218158
 -0.204974
 -0.19419
 -0.177848
 -0.156569
 -0.130675
 -0.101553
 -0.0698951
 -0.0364215
 -0.00183711
 0.0330737
 0.0675145
 0.10066
 0.131635
 0.159377
 0.182029
 0.194826
 0.19111
 0.195829
 0.231598
 0.222407
 0.212381
 0.195795
 0.178823
 0.15728
 0.131766
 0.102644
 0.0710608
 0.0377233
 0.00336515
 -0.0313075
 -0.0655269
 -0.098477
 -0.129216
 -0.156351
 -0.176813
 -0.184856
 -0.195694
 -0.243746
 -0.226791
 -0.218158
 -0.204974
 -0.19419
 -0.177848
 -0.156569
 -0.130675
 -0.101553
 -0.0698951
 -0.0364215
 -0.00183711
 0.0330737
 0.0675145
 0.10066
 0.131635
 0.159377
 0.182029
 0.194826
 0.19111
 0.195829
 0.231598
 0.222407
 0.212381
 0.195795
 0.178823
 0.15728
 0.131766
 0.102644
 0.0710608
 0.0377233
 0.00336515
 -0.0313075
 -0.0655269
 -0.098477
 -0.129216
 -0.156351
 -0.176813
 -0.184856
 -0.195694
 -0.243746
 -0.226791
 -0.218158
 -0.204974
 -0.19419
 -0.177848
 -0.156569
 -0.130675
 -0.101553
 -0.0698951
 -0.0364215
 -0.00183711
 0.0330737
 0.0675145
 0.10066
 0.131635
 0.159377
 0.182029
 0.194826
 0.19111
 0.195829
 0.231598
 0.222407
 0.212381
 0.195795
 0.178823
 0.15728
 0.131766
 0.102644
 0.0710608
 0.0377233
 0.00336515
 -0.0313075
 -0.0655269
 -0.098477
 -0.129216
 -0.156351
 -0.176813
 -0.184856
 -0.195694
 -0.243746
 -0.226791
 -0.218158
 -0.204974
 -0.19419
 -0.177848
 -0.156569
 -0.130675
 -0.101553
 -0.0698951
 -0.0364215
 -0.00183711
 0.0330737
 0.0675145
 0.10066
 0.131635
 0.159377
 0.182029
 0.194826
 0.19111
 0.195829
 0.231598
 0.222407
 0.212381
 0.195795
 0.178823
 0.15728
 0.131766
 0.102644
 0.0710608
 0.0377233
 0.00336515
 -0.0313075
 -0.0655269
 -0.098477
 -0.129216
 -0.156351
 -0.176813
 -0.184856
 -0.195694
 -0.243746
 -0.226791
 -0.218158
 -0.204974
 -0.19419
 -0.177848
 -0.156569
 -0.130675
 -0.101553
 -0.0698951
 -0.0364215
 -0.00183711
 0.0330737
 0.0675145
 0.10066
 0.131635
 0.159377
 0.182029
 0.194826
 0.19111
 0.195829
 0.231598
 0.222407
 0.212381
 0.195795
 0.178823
 0.15728
 0.131766
 0.102644
 0.0710608
 0.0377233
 0.00336515
 -0.0313075
 -0.0655269
 -0.098477
 -0.129216
 -0.156351
 -0.176813
 -0.184856
 -0.195694
 -0.243746
 -0.226791
 -0.218158
 -0.204974
 -0.19419
 -0.177848
 -0.156569
 -0.130675
 -0.101553
 -0.0698951
 -0.0364215
 -0.00183711
 0.0330737
 0.0675145
 0.10066
 0.131635
 0.159377
 0.182029
 0.194826
 0.19111
 0.195829
 0.231598
 0.222407
 0.212381
 0.195795
 0.178823
 0.15728
 0.131766
 0.102644
 0.0710608
 0.0377233
 0.00336515
 -0.0313075
 -0.0655269
 -0.098477
 -0.129216
 -0.156351
 -0.176813
 -0.184856
 -0.195694
 -0.243746
 -0.226791
 -0.218158
 -0.204974
 -0.19419
 -0.177848
 -0.156569
 -0.130675
 -0.101553
 -0.0698951
 -0.0364215
 -0.00183711
 0.0330737
 0.0675145
 0.10066
 0.131635
 0.159377
 0.182029
 0.194826
 0.19111
 0.195829
 0.231598
 0.222407
 0.212381
 0.195795
 0.178823
 0.15728
 0.131766
 0.102644
 0.0710608
 0.0377233
 0.00336515
 -0.0313075
 -0.0655269
 -0.098477
 -0.129216
 -0.156351
 -0.176813
 -0.184856
 -0.195694
 -0.243746
 -0.226791
 -0.218158
 -0.204974
 -0.19419
 -0.177848
 -0.156569
 -0.130675
 -0.101553
 -0.0698951
 -0.0364215
 -0.00183711
 0.0330737
 0.0675145
 0.10066
 0.131635
 0.159377
 0.182029
 0.194826
 0.19111
 0.195829
 0.231598
 0.222407
 0.212381
 0.195795
 0.178823
 0.15728
 0.131766
 0.102644
 0.0710608
 0.0377233
 0.00336515
 -0.0313075
 -0.0655269
 -0.098477
 -0.129216
 -0.156351
 -0.176813
 -0.184856
 -0.195694
 -0.243746
 -0.226791
 -0.218158
 -0.204974
 -0.19419
 -0.177848
 -0.156569
 -0.130675
 -0.101553
 -0.0698951
 -0.0364215
 -0.00183711
 0.0330737
 0.0675145
 0.10066
 0.131635
 0.159377
 0.182029
 0.194826
 0.19111
 0.195829
 0.231598
 0.222407
 0.212381
 0.195795
 0.178823
 0.15728
 0.131766
 0.102644
 0.0710608
 0.0377233
 0.00336515
 -0.0313075
 -0.0655269
 -0.098477
 -0.129216
 -0.156351
 -0.176813
 -0.184856
 -0.195694
 -0.243746
 -0.226791
 -0.218158
 -0.204974
 -0.19419
 -0.177848
 -0.156569
 -0.130675
 -0.101553
 -0.0698951
 -0.0364215
 -0.00183711
 0.0330737
 0.0675145
 0.10066
 0.131635
 0.159377
 0.182029
 0.194826
 0.19111
 0.195829
 0.231598
 0.222407
 0.212381
 0.195795
 0.178823
 0.15728
 0.131766
 0.102644
 0.0710608
 0.0377233
 0.00336515
 -0.0313075
 -0.0655269
 -0.098477
 -0.129216
 -0.156351
 -0.176813
 -0.184856
 -0.195694
 -0.243746
 -0.226791
 -0.218158
 -0.204974
 -0.19419
 -0.177848
 -0.156569
 -0.130675
 -0.101553
 -0.0698951
 -0.0364215
 -0.00183711
 0.0330737
 0.0675145
 0.10066
 0.131635
 0.159377
 0.182029
 0.194826
 0.19111
 0.195829
 0.231598
 0.222407
 0.212381
 0.195795
 0.178823
 0.15728
 0.131766
 0.102644
 0.0710608
 0.0377233
 0.00336515
 -0.0313075
 -0.0655269
 -0.098477
 -0.129216
 -0.156351
 -0.176813
 -0.184856
 -0.195694
 -0.243746
 -0.226791
 -0.218158
 -0.204974
 -0.19419
 -0.177848
 -0.156569
 -0.130675
 -0.101553
 -0.0698951
 -0.0364215
 -0.00183711
 0.0330737
 0.0675145
 0.10066
 0.131635
 0.159377
 0.182029
 0.194826
 0.19111
 0.195829
 0.231598
 0.222407
 0.212381
 0.195795
 0.178823
 0.15728
 0.131766
 0.102644
 0.0710608
 0.0377233
 0.00336515
 -0.0313075
 -0.0655269
 -0.098477
 -0.129216
 -0.156351
 -0.176813
 -0.184856
 -0.195694
 -0.243746
 -0.226791
 -0.218158
 -0.204974
 -0.19419
 -0.177848
 -0.156569
 -0.130675
 -0.101553
 -0.0698951
 -0.0364215
 -0.00183711
 0.0330737
 0.0675145
 0.10066
 0.131635
 0.159377
 0.182029
 0.194826
 0.19111
 0.195829
 0.231598
 0.222407
 0.212381
 0.195795
 0.178823
 0.15728
 0.131766
 0.102644
 0.0710608
 0.0377233
 0.00336515
 -0.0313075
 -0.0655269
 -0.098477
 -0.129216
 -0.156351
 -0.176813
 -0.184856
 -0.195694
 -0.243746
 -0.226791
 -0.218158
 -0.204974
 -0.19419
 -0.177848
 -0.156569
 -0.130675
 -0.101553
 -0.0698951
 -0.0364215
 -0.00183711
 0.0330737
 0.0675145
 0.10066
 0.131635
 0.159377
