-0.0632038
0.0442335
0.0139348
0.106748
0.18883
-0.0375927
-0.121921
-0.0659383
0.0201483
-0.189441
0.0611286
0.140696
0.118223
0.00701315
0.0661458
0.143309
-0.144932
0.169481
0.0386547
-0.0905362
-0.0843226
-0.120078
0.121897
0.141685
0.195849
0.0409986
0.0379467
0.184094
0.132163
0.13607
0.157103
-0.135765
0.0264351
0.105966
-0.0819544
0.0827113
0.127256
0.154442
0.0613117
-0.0373486
0.030903
-0.00491348
0.138475
0.172179
-0.0354808
0.0521928
0.159679
-0.168212
0.113633
0.127964
-0.158068
-0.180444
-0.0432081
0.0486648
-0.079281
-0.113669
0.169713
-0.197839
0.18728
-0.00625629
-0.138536
0.0794397
-0.0857631
0.0872768
0.10521
-0.0676595
0.132151
-0.0830042
0.125864
0.060445
-0.180969
-0.0814905
-0.0925382
0.0392041
-0.134043
-0.0335154
-0.0175481
0.00199591
0.0807459
-0.186596
0.165477
-0.111362
-0.107443
0.0259102
-0.00573138
-0.0271798
0.0196844
0.0313547
-0.159886
0.18081
0.16317
0.0870083
-0.149828
-0.0857997
-0.011359
0.184338
0.0845302
-0.110923
0.0590777
-0.0988983
-0.189856
0.103964
-0.0193426
-0.186535
0.114402
-0.150755
0.0245552
0.0807825
-0.199365
-0.129441
-0.113108
0.015595
-0.0717368
0.198498
0.0496048
-0.148717
0.159862
0.157189
-0.195569
0.119834
-0.122166
0.0644734
-0.19718
-0.147777
0.0331248
-0.0642537
-0.00595111
-0.185888
-0.111667
-0.0956023
0.0141423
-0.0109439
-0.181909
0.0710044
0.0880703
-0.0781701
-0.0712607
0.0940764
-0.0922941
-0.0653401
0.0601886
-0.165429
-0.0518632
-0.171728
0.132188
0.166967
-0.115342
-0.119077
-0.00220344
0.0690512
0.173107
-0.0426954
0.16621
-0.0967132
-0.144041
-0.0597003
0.157677
-0.197998
-0.143248
0.097824
-0.146959
-0.130979
0.02519
0.197339
-0.199805
-0.089877
-0.00433973
-0.0195624
-0.159948
-0.194983
0.121384
-0.189734
0.014716
-0.16682
0.146995
0.103928
-0.0800745
0.0660482
-0.11821
-0.0374096
0.0648152
0.138194
-0.0636555
0.0118595
-0.199023
0.109848
-0.0152165
-0.135398
0.183703
0.133396
-0.184497
0.0191351
-0.0724082
0.0361888
-0.167443
-0.195056
0.0194403
0.132359
-0.129673
-0.01142
-0.0496048
-0.0240425
0.184033
0.0522294
-0.0696738
-0.0319407
-0.121531
-0.0425489
0.0466384
0.130222
-0.162401
0.00653706
-0.0698447
0.156896
-0.182714
-0.185961
-0.109494
-0.14077
-0.0360057
0.00100711
-0.11644
0.11279
0.021601
0.02425
0.0734092
-0.178405
0.0890713
0.153417
0.151317
-0.188769
0.191479
-0.191919
-0.0257027
-0.036787
0.126621
-0.132322
-0.114353
0.103342
0.0501053
-0.0336863
0.0800256
0.156432
0.061153
-0.0144841
0.175561
0.0799524
0.0516068
-0.0430494
-0.0444411
-0.110935
0.0808191
-0.0120914
0.0421216
-0.114377
0.13878
0.0218451
-0.135606
-0.196521
-0.0399365
-0.153294
0.0838099
0.182788
0.150987
-0.036726
0.0388256
-0.114365
0.0925871
0.126243
0.171789
-0.1343
-0.118088
0.170458
0.000225837
-0.0958342
0.174047
-0.0652303
-0.00474258
0.0246406
-0.0125797
0.0961272
-0.0705649
0.0994354
-0.0650716
-0.0738365
0.0567461
0.159813
0.143333
0.183142
0.0869961
0.122581
-0.076632
-0.0486282
-0.0826014
-0.154454
0.0532548
0.0409619
-0.116489
-0.175414
-0.0621052
0.160045
0.0923551
-0.155687
0.106406
0.0723106
0.199963
-0.104587
-0.0896573
-0.0479202
-0.00401013
-0.129258
0.0853847
0.149644
0.157958
-0.0470779
0.0385693
-0.0208319
-0.0627155
-0.19425
-0.075985
0.141795
-0.059859
0.0820765
0.169311
-0.0036195
-0.0349071
-0.0394238
0.115195
-0.109555
0.0604328
-0.176098
0.0310251
0.16372
-0.0365307
-0.00917386
0.168603
-0.163195
-0.115635
-0.185388
-0.0833583
0.197681
0.197009
0.060567
-0.0813807
-0.101938
0.199414
0.0746544
-0.183593
-0.0272042
-0.093881
-0.143638
0.0821131
0.194018
-0.164769
0.14774
-0.19928
-0.0267525
-0.0476394
-0.148619
0.0661702
0.0235786
-0.0658895
-0.110068
0.0529008
-0.0056093
-0.0862636
0.0193915
-0.173974
-0.108579
-0.128867
0.108774
0.152013
0.0943205
0.0300363
-0.00114139
0.172814
0.184472
0.0245918
-0.147801
0.00569475
0.195422
-0.00189825
-0.0929533
-0.0686239
0.0984954
0.19624
-0.0522538
0.0329539
-0.0640217
-0.1828
-0.195996
-0.051912
0.0146428
0.0816248
-0.00846583
0.197009
-0.0283029
-0.11572
-0.193335
-0.0513016
0.126072
0.190454
-0.0126652
-0.11196
-0.0727378
-0.0606891
0.0529496
-0.153929
0.114414
0.0168157
-0.16433
-0.143907
0.197937
0.0606037
0.115732
-0.101914
-0.123594
-0.140464
-0.127146
0.193823
0.00108036
0.110105
-0.133018
0.115366
0.100473
-0.107492
0.0600421
-0.0307199
0.0777551
0.0287057
0.191845
0.11915
-0.106809
0.0849818
-0.177709
0.108823
0.0442579
0.181591
-0.0474197
-0.150938
-0.144053
0.171874
0.137681
-0.0701498
-0.00630512
0.15349
0.00278939
-0.078988
-0.188537
0.0740806
-0.123728
0.123655
-0.0524613
-0.00595111
-0.148643
0.0348582
-0.0196234
-0.0311838
-0.0106998
0.188195
-0.0428053
-0.086874
0.17655
-0.167638
0.00773339
0.0098941
-0.0518876
-0.0890835
0.0555742
0.0260811
-0.00993072
-0.19508
-0.160338
0.0980682
0.0332957
0.101657
0.0586016
0.149107
0.0511795
-0.148582
0.0498733
0.101291
-0.126267
0.175292
0.0168889
0.0445387
0.13065
-0.114011
0.0161687
0.125108
0.0356761
0.18468
0.117161
0.11616
0.124949
0.0959075
-0.052852
0.0328806
-0.138243
0.103427
0.0339427
0.154552
-0.179821
0.0493118
-0.041377
-0.183813
-0.0398755
-0.0412915
0.131028
0.132334
0.106272
-0.146922
-0.199719
0.0150945
0.143455
0.0140568
0.113108
-0.150462
0.0409131
0.160656
0.0321848
0.188415
0.0179998
-0.19779
-0.0727378
-0.171093
0.16372
-0.170238
-0.148643
-0.165905
-0.177294
0.00792871
0.114634
-0.138792
0.060213
0.0303415
-0.0316111
0.159569
-0.0817225
0.000726341
0.0118473
0.000518815
0.176
0.00226447
0.133909
-0.0980926
0.126145
-0.182214
-0.197302
0.00955229
-0.119346
0.0632282
0.11522
-0.00170293
0.117624
0.196765
0.0196478
0.0550127
0.181994
-0.133543
0.122837
-0.093759
0.0529496
-0.141514
0.0953948
-0.147179
-0.110056
-0.0913297
-0.112973
-0.0260201
-0.129673
0.0399121
-0.0355541
-0.13646
0.0307566
-0.112253
-0.0155583
-0.139341
0.0250313
-0.123167
-0.0853236
0.137584
0.110947
-0.0894009
-0.185412
-0.1932
0.0783898
-0.163244
-0.111081
0.0105533
-0.168542
0.151036
-0.173522
-0.0455153
-0.0630696
0.00170293
-0.163524
-0.151378
-0.148338
0.157457
-0.00490127
0.117734
0.141417
0.000970489
-0.0853114
0.0437574
0.0034608
-0.189221
0.14807
0.0028016
0.00585345
0.194006
0.140562
0.0590777
0.155296
-0.067806
0.142137
-0.121506
0.00665914
0.103183
-0.107761
-0.0758385
0.126267
0.140989
-0.110251
0.0964934
0.0216376
0.0966521
0.0606403
0.180346
-0.14984
-0.0376659
0.0356883
-0.138377
-0.18092
-0.0788903
-0.149034
-0.123972
0.189538
-0.0148503
0.0834925
0.0522294
0.196826
0.0846278
-0.165685
-0.187939
-0.000250252
-0.130113
-0.0278512
0.0904141
-0.0287301
0.0894742
0.0492141
-0.16306
-0.156932
0.00634175
-0.0973968
0.062447
0.0165471
-0.0850795
-0.0468703
0.192212
-0.0472976
0.0214423
0.0143376
0.0889615
-0.0465285
-0.0499588
-0.175842
0.107736
0.0468703
0.137132
-0.0881191
0.145372
-0.11135
0.176562
0.0124943
0.0470046
0.192846
0.178088
0.0414502
-0.0678915
0.00358287
-0.198401
0.0419752
0.00252083
-0.0789636
-0.170385
0.117466
-0.00498672
-0.00637837
0.140587
-0.0382885
-0.159032
-0.0109073
0.145445
0.199121
0.0955412
-0.0428419
-0.050032
-0.0523515
0.0987152
-0.00412
-0.0945402
0.0169378
0.0311594
-0.0654134
0.0101016
0.154064
0.0269112
-0.154405
0.0236641
0.149376
0.105649
0.0974212
0.158019
0.0151433
0.0869961
-0.138169
0.00584124
-0.150719
0.0493728
-0.0126652
-0.0297678
0.196643
0.0958831
-0.048384
0.0574541
-0.0793909
-0.0103458
0.00524308
-0.104392
-0.00269173
-0.178674
-0.180517
0.0414502
-0.155138
-0.12899
-0.0496658
0.0381176
-0.199487
0.027253
-0.168444
0.0860317
-0.0422926
0.125559
-0.190857
0.189673
0.175878
-0.0310129
0.1296
0.0425245
-0.124509
-0.00678121
-0.00532853
-0.0870693
0.0306589
0.138658
-0.00496231
0.193152
-0.0281198
-0.107883
-0.164672
-0.125852
-0.188501
-0.139537
-0.136912
0.00884426
-0.0956511
-0.161132
-0.0858852
0.0259102
0.155907
0.136033
-0.0132267
0.157091
0.190796
-0.0810999
-0.142381
-0.159972
-0.00623188
0.13961
0.151024
0.159691
0.0360424
0.00670797
-0.0249092
0.190295
0.0990326
0.163549
0.0366649
0.100656
-0.191528
-0.0637776
-0.0524857
0.0853114
0.0911344
-0.186523
-0.165404
-0.0160955
0.166576
0.121165
0.166674
-0.148668
0.0867031
-0.146287
-0.0902432
-0.058797
-0.164586
-0.17478
0.124168
-0.0349559
-0.199036
0.102475
-0.0847743
0.0898648
0.0333567
-0.11749
-0.149437
-0.0636311
-0.10051
0.177294
0.156273
0.0406201
-0.0515213
-0.132224
0.00438856
0.0413038
-0.000433363
-0.109763
0.00443739
0.0554277
0.0652303
0.116794
-0.188806
-0.0952849
0.121909
0.0933073
0.161571
-0.144713
0.140941
0.196594
0.0526444
-0.0668172
-0.00789209
-0.0263009
-0.0260933
-0.121958
-0.167602
-0.174181
-0.0944182
-0.00224006
0.192322
-0.000885037
0.196155
0.186181
-0.027546
-0.154918
0.0310617
0.16682
-0.0373119
0.113083
0.00548723
-0.175341
0.0965178
0.0372021
-0.0865688
-0.111118
0.0530351
-0.0196966
-0.1343
-0.171252
-0.180871
0.197534
-0.150597
0.0253853
-0.175695
0.0818934
-0.1588
-0.118235
0.0606037
0.0543046
-0.0128971
0.133531
-0.199756
0.0607624
0.161083
-0.177013
0.123472
0.0389355
0.0151189
0.199084
0.0688803
-0.0831019
0.033198
0.00538957
-0.180883
0.106308
-0.09841
0.0191717
0.134092
0.0526688
-0.0917692
0.103464
-0.155663
-0.194897
0.083285
-0.164879
-0.1828
0.168175
-0.00621967
-0.0289377
0.00790429
-0.00184942
-0.095407
-0.184729
0.00855129
-0.19353
-0.181664
0.149205
0.107089
-0.16737
-0.0933439
-0.0122135
0.0690023
0.149046
0.0454421
0.0238716
-0.145775
0.160546
-0.0335887
-0.176611
-0.118442
-0.139085
0.137693
0.0338206
-0.146629
-0.191125
0.085641
-0.131663
0.152916
0.186145
-0.129197
-0.0715781
0.0267525
-0.0999969
-0.16997
-0.172924
0.164977
0.0930021
-0.10228
-0.124558
-0.10864
-0.178027
0.0182928
-0.104868
0.176464
-0.130638
0.162658
0.0188787
-0.114451
0.0488357
-0.138902
0.141917
0.0744835
-0.0319773
0.165087
0.0867397
0.145555
-0.189123
-0.049678
-0.0564898
-0.123936
-0.0980804
-0.126072
-0.151109
-0.0679159
0.01507
-0.102097
-0.134483
0.0797571
-0.0104434
0.091525
0.0248726
0.106882
-0.184729
-0.174902
-0.00414441
-0.132896
-0.0497391
-0.132273
0.0416822
-0.140745
0.0325999
0.101401
-0.0724448
-0.045674
-0.0505325
0.163976
-0.158409
0.0826868
