-0.00275369
0.000514237
0.00499557
0.00150182
-0.00627369
0.00704459
0.00144078
-0.00777703
-0.00310648
0.00502182
0.00464034
-0.007481
0.00246071
0.000562456
0.00649159
0.00596057
-0.00809198
0.00262978
0.00987854
0.00457015
-0.00285195
0.00155431
-0.00438398
0.000483718
0.008034
-0.00100253
-0.00493942
0.000619831
-0.00915159
0.00498276
0.00150792
0.00498459
-0.00410138
0.00762871
0.00350505
-0.000769372
0.00232704
-0.00880734
-0.00679373
0.00210364
-0.00171606
0.00807367
-0.00711356
-0.00160863
0.00457015
0.000366527
-0.00725455
-0.0019895
-0.000115055
-0.0033665
0.00312906
-0.00815424
-0.00420026
-0.000524613
-0.00571276
0.00497971
-0.000419019
0.0095642
0.00679678
-0.00208045
-0.00700797
0.00173376
0.00576891
-0.00353069
0.00519822
-0.00122349
0.00198157
0.00084933
0.00789178
-0.0014481
-0.0069628
-0.00529771
-0.00922422
4.30311e-005
0.00769768
0.00461043
0.00552416
0.00398785
0.00649464
-0.00926145
-0.00366619
-0.00630299
0.00176855
-0.000755943
0.00521653
-0.00829707
-0.00976501
-0.00294107
-0.00986633
-0.00215918
0.00122166
-0.000310984
0.00411054
0.00441389
-0.00631031
-0.00736015
-0.00654958
-0.00595752
0.00517502
-0.00289529
0.0031785
-0.00415632
0.00576281
0.000531938
0.00783319
0.00554613
0.000229804
0.00270302
-0.00426191
0.00518052
-0.00852596
-0.0020603
0.00487289
0.00796808
0.00836116
0.00407453
-0.0015305
0.00402264
-0.00889889
-0.00120151
-0.00153356
-0.00749565
-0.00269326
-0.00598132
0.00493088
-0.0041612
0.0018186
0.00885189
-0.000413526
0.00163488
-0.00653798
-0.00813166
0.00157201
0.00791864
0.0018363
-0.00676992
-0.00645863
-0.00267922
-0.00273415
-0.00267678
0.00625233
-0.00417585
-0.00295511
-0.00346782
-0.00025544
0.00171422
0.00109348
-0.00322855
0.00925596
0.000345775
-0.00984741
-0.00460311
-0.006021
-0.00964354
0.0096466
0.00212439
-0.00319498
-0.00304727
-0.00767266
0.00358623
-0.00683828
-0.00211524
0.00284402
0.00213904
-0.00291971
-0.00225074
-0.00266274
0.00956114
0.00261391
-0.00376812
0.00121311
0.00624989
0.00873165
0.00592456
-0.00180822
0.00656056
0.00581896
0.00533311
-0.00621998
0.000895108
-0.0081048
0.00270852
0.0062804
-0.00481979
-0.00330546
-0.00367534
0.00846004
-0.00165319
0.00171178
0.00682241
-0.00698538
-0.00155065
-0.00564257
0.00725211
0.00494552
-0.00196326
0.00433821
0.00643483
-0.00602954
0.00940977
0.000385449
-0.00873104
-0.00989624
0.000384838
-0.00453413
0.00361126
-0.00447493
-0.00880795
-0.00141331
-0.00265603
-0.00414045
-0.00687063
0.0013358
-0.0087286
0.00400067
0.00959838
-0.00273659
0.00345988
-0.000408643
-0.00984802
0.00225257
0.00264016
-0.00269692
-0.00182592
-0.00602161
0.00231849
0.00701895
0.00280984
-0.00139622
-0.00680227
-0.000936003
-0.00420942
0.00282022
-0.00045381
-0.00240516
0.00375835
-0.000629597
-0.00486129
-0.00471969
-0.00327677
0.00416852
0.00439314
-0.0076043
0.0032841
-0.00685293
0.00432234
-0.00654469
-0.00677358
-0.00303995
-0.00706168
0.00451216
-0.00186865
0.00165563
-0.000276803
0.00424055
-0.00938475
-0.00654408
0.00379315
-0.00806085
-0.00717032
-0.00423933
-0.00461226
0.00557237
-0.00515854
-0.00349651
0.00630238
-0.00703177
-0.00647816
-0.00601489
0.00488815
0.00931822
-0.00742912
-0.000694296
0.00125095
0.00407636
-0.00570666
0.00352702
-0.00172948
-0.009588
0.00376507
0.00768365
-0.00593738
0.000315867
-0.00400006
0.00377361
-0.00848628
-0.0015006
0.00675588
0.00484542
0.000508133
-0.00179174
-0.00240638
-0.00768242
0.00847896
-0.00792535
-0.00417585
-0.00135166
0.00490219
0.00113254
-4.48622e-005
-0.00652516
-0.00463729
-0.00487716
-0.00872005
-0.00863338
-0.0091876
0.00721549
0.00221839
0.00929563
0.00765313
-0.00373882
0.00203955
-0.00804193
0.00426008
-0.000277413
-0.00940184
-0.00691702
0.00958007
-0.00962218
0.00070101
-0.00917295
0.00942198
-4.85244e-005
-0.000275582
0.00540941
0.00606861
0.00277505
-0.00887326
-0.00290933
-0.00316568
0.00261818
0.00646107
-0.00736991
0.00719352
-0.00419416
0.00851985
-0.00165441
0.00409894
-0.00624989
-0.00375896
0.00789972
0.00513108
-0.00197974
-0.00800104
0.00293435
0.00908139
-0.00892331
0.00189367
-0.00531297
0.0036137
-0.00420087
0.00968322
0.00470748
-0.00438337
0.00692007
-0.0050322
-0.00720634
-0.000119327
0.00750298
-0.0037376
-0.00970702
-0.00828669
-0.00641652
0.00956786
0.00686575
-0.00086581
0.000102847
0.00308267
0.00886044
0.00025544
-0.00875423
-0.00132664
-0.0025895
0.00149022
0.00833003
0.000719321
0.0043852
0.00220374
-0.00165136
0.00297525
-0.0056859
0.00143223
-0.00368877
-0.00594287
-0.00958373
-0.00769829
0.00448958
-0.00780328
-0.0071453
-0.000235298
0.00171117
0.00986877
0.00734245
0.00727958
0.00581103
-0.00107212
-0.00777886
0.00806635
0.00237281
-0.00311075
0.00215308
0.00655263
0.0028898
0.00494919
-0.00347575
0.00564196
0.00545763
-0.00159886
-0.00929014
0.00542833
0.00113315
5.95111e-005
-0.00168493
0.00897824
-0.000914029
-0.00269326
0.00251015
0.000809656
-0.00633839
-0.00659169
0.00460189
-0.00630665
0.00648061
-0.00629322
0.00795038
0.00939573
0.00670644
-0.00267861
0.00536241
0.0089935
0.0026017
-0.00501755
0.0080932
-0.00161473
0.00749626
0.00362712
0.00456221
0.00462264
-0.00670644
-0.0016306
0.00693533
0.00868343
-0.00535142
-0.00751335
-0.00633106
-0.00968139
-0.00307779
0.00603687
0.00616932
-0.00940184
-0.00893857
-0.00627552
0.00766839
0.00776605
0.00851436
-0.0073339
0.00245338
-0.00794916
-0.000696738
0.000650349
0.00357952
-0.00495468
0.00640065
0.00553209
0.00717277
-0.000724815
-0.000497147
-0.00360759
0.0014713
0.00359294
0.00135655
-0.00292642
0.00870785
-0.00998169
0.0097412
-0.00727592
0.00797723
0.00764702
0.00824213
0.00997925
-0.00280068
-0.00074984
0.00894101
0.00139195
0.00231239
0.00620594
0.00014069
-0.00524033
-0.00818598
-0.00263894
0.00225867
-0.00205664
0.00478622
-0.00252174
0.00500351
-0.000168767
-0.00948973
0.000867031
0.00897397
-0.00194494
0.00782159
0.00583911
0.00478683
-0.00591052
0.00230384
-0.00438765
-0.00712088
0.00636158
0.00946837
0.00127903
-0.00290628
0.0019895
0.00203101
-0.00752617
-0.00482467
-0.00221656
0.00941832
-0.00863948
-0.00068453
-0.00887631
0.00762017
-0.00443587
0.00985473
-0.0086462
0.00752373
0.00567125
-0.00472823
-0.00770074
-0.000150456
0.0029313
0.00159703
-0.00345073
0.00481063
-0.0072277
0.00435102
-0.00788263
0.00462142
-0.000234077
0.00615955
-0.00788507
0.00699393
0.0096588
-0.00685049
-0.00194922
-0.00228004
0.00410321
-0.00673452
-0.00260475
-0.0095056
0.00370647
0.0096173
-0.0039787
-0.00791864
0.00502487
-0.00800226
-0.00384014
-0.00904355
0.00712882
-0.000309153
0.000480056
0.00755852
-0.00663686
-0.00131382
-0.00706595
-0.00574206
0.00392926
0.00644093
-0.00301737
0.00318644
0.00490585
0.00729972
0.00182531
-0.00996887
0.0093524
-0.00829157
-0.00273171
-0.00805353
-0.00390606
0.00233863
0.00785028
0.00767632
0.00183935
0.000249336
0.00684133
-0.00196387
-0.00776849
-0.00577868
0.000765709
-0.00512497
0.00748161
0.00637013
0.00504318
-0.00337016
0.00818476
-0.00282022
0.001395
-0.00138768
-0.00303018
0.00307291
-0.00236549
-0.00385296
0.00158422
0.00964599
0.000457472
0.00868465
-0.00494797
-0.00630726
0.00187475
0.00301737
-0.00146886
-0.00285623
0.00989441
0.00372051
0.00248451
0.00604175
0.00409467
0.00894711
-0.00820002
-0.00231788
0.00669851
-0.00030549
-0.00951659
0.00904599
0.00978149
0.000682089
-0.00846065
0.00964171
0.00924192
0.000943327
0.0076812
-0.00811151
0.00614917
-0.0077221
0.00847774
0.00216712
0.00610401
-0.00632008
-0.000423292
0.0056505
-0.00277505
-0.000138249
0.00962279
0.00805902
-0.00259926
0.00201209
0.000489822
0.00744804
-0.00857967
-0.00110141
0.00646901
-0.000837733
0.00861202
0.00645497
-0.00198462
0.00707816
0.00161412
0.00395856
-0.00430036
0.00425947
-0.00309244
0.00494736
0.00997436
-0.00384503
-0.00227332
-0.00902097
-0.00761284
0.00945799
0.00997925
-0.00362957
-0.00613269
-0.000246284
-0.0081988
0.0020365
-0.00430036
0.00108371
-0.00263405
0.00655934
0.00882992
-0.00945311
-0.00441939
-0.00739494
0.00710257
-0.00893124
-0.00571581
-0.00317972
-0.00991882
0.00545213
-0.00941527
0.00132664
0.0010593
0.00484725
-0.00204749
-0.00505356
-0.00411542
0.00476363
-0.00930906
0.00227515
0.00824091
-0.00826167
-0.00357524
0.00873409
0.0069921
-0.00619984
-0.00279031
-0.000278024
-0.00877804
-0.00215613
0.00991333
0.00199622
-0.00139866
0.00704459
0.00646352
0.00540269
-0.00731132
0.00143529
0.00461898
-0.00691885
0.00481246
-0.00522202
0.0098645
-0.00171972
-0.00386029
-0.00915647
-0.000937834
-0.0041142
-0.00442549
-0.00776971
0.00649464
0.00681448
-0.000910367
0.00485397
0.00290628
0.00337199
0.00614246
-0.00878597
0.00818293
-0.00627674
-0.00122776
-0.0044084
0.00828791
-0.00641835
-0.000970183
-0.0057329
-0.00291971
0.00325236
-0.00965636
-0.00608325
-0.00635548
-0.00184668
-0.00153783
-0.00870846
-0.00425581
-0.00906308
-0.0024131
-0.00268838
4.48622e-005
-0.00666189
-0.00267129
-0.00130161
0.00971129
-0.00412824
-0.00388897
0.000273141
1.43437e-005
-0.00648732
-0.00336344
0.00104343
0.00257546
-0.00452803
0.00905881
0.00720267
-0.00113804
0.00719962
-0.00253639
-0.00482955
0.00357097
0.00274209
-0.00469344
0.00779717
0.00851436
-0.00442366
0.00541185
-0.00314676
0.0076458
0.00604114
-0.00982971
-0.00506027
-0.00616382
-0.00650197
0.00755974
0.00993286
0.00804071
-0.00865352
-0.00139439
0.0050914
-0.00853572
-0.00699087
0.00191687
-0.00204077
0.00136998
0.00702322
0.000913419
0.0011771
0.00113437
0.00935789
-0.000624104
-0.00166601
0.00519639
-0.00891659
-0.00906003
-0.00201697
0.00950621
0.00951537
-0.00183508
-0.00105197
0.0081109
0.000959807
0.0067864
-0.00995788
0.00649525
0.00318888
-0.00919736
-0.00267434
-0.00769158
0.00576403
-0.00599902
0.00202795
-0.00590136
-0.00366192
0.00355083
0.00226051
0.00867306
0.00105747
0.0012949
0.00164159
0.00772576
0.00719169
0.00836543
-0.00203955
0.00434492
0.00611377
0.00873531
-0.00499374
-0.00997681
0.00475997
0.00735221
-0.00931333
0.00280862
0.00368633
0.00845454
0.00455672
-0.00279397
0.00985534
0.00971923
-0.00210669
-0.00353435
0.00227271
-0.00215125
0.00942808
-0.00211829
-0.00139805
0.00122959
-0.000130314
-0.00828486
0.000880459
0.00528611
0.00834712
0.00438398
0.0084582
0.00615528
-0.00611988
0.00652944
-0.00370586
0.00830561
0.00502548
-0.00340495
0.00672536
0.00172765
-0.00919614
0.000534379
-0.00716178
0.00432051
-0.00395306
-0.00172155
0.00156835
0.00509507
-0.00572192
-0.0024131
-0.00535325
-0.0061742
0.00126072
0.00590503
-0.00447127
-0.00722831
0.00233497
0.000853603
0.000423292
-0.00390484
-0.0033311
0.00998047
0.00154271
-0.00740532
-0.00845393
0.00038728
0.000711997
-0.00261086
0.00982177
0.00887387
0.00145177
0.00817255
0.0036607
-0.00679434
-0.00233924
-0.00834468
-0.00229835
-0.00485214
0.00702567
-0.00415815
-0.00525437
-0.00412763
0.00728629
-0.00626698
0.00712149
-0.00561632
0.00347148
-0.00588
0.00682974
0.0095703
0.00424116
0.00505539
-0.00239113
-0.00348796
-0.00454756
0.00565722
0.00203894
-0.0023191
0.00907956
-0.00814814
0.00680166
-0.000361644
-0.00439558
-0.00830988
-0.000757775
-0.0041319
-0.00198035
-0.00414472
-0.00166662
0.00637318
-0.00445235
-0.00100497
-0.00681143
-0.00535325
-0.004785
-0.0025016
-0.00777093
-0.00734062
-0.000593585
-0.000659505
-0.00384991
-0.00553026
0.00751518
-0.0083758
-0.00220679
0.00910154
-0.000176702
0.001442
0.00206091
-0.00670095
0.00173254
-0.00431684
0.00899899
-0.00520859
-0.00352702
-0.00458846
-0.00684194
0.00668935
0.00441023
-0.00956114
0.00238197
0.00363872
-0.0029191
0.00971679
0.00912351
0.000361644
0.00408368
-0.00682669
-0.00256996
0.00319742
0.000937223
0.000626545
-0.00127903
-0.0047148
-0.0039494
0.00338481
-0.000528275
0.00599597
0.00491256
-0.00582873
-0.00605762
0.00525376
