 0
 0
 0
 0.308327
 0.450664
 0.564556
 0.658401
 0.734275
 0.791336
 0.830614
 0.853506
 0.861396
 0.855045
 0.834615
 0.79968
 0.749317
 0.682241
 0.597106
 0.492978
 0.369844
 0.228488
 0.0682842
 -0.104149
 -0.229999
 -0.365133
 -0.51061
 -0.621516
 -0.706194
 -0.768082
 -0.812771
 -0.839789
 -0.850627
 -0.845908
 -0.826088
 -0.79086
 -0.739437
 -0.670688
 -0.583507
 -0.477275
 -0.352367
 -0.210026
 -0.0502284
 0.125707
 0.278267
 0.384281
 0.51667
 0.62187
 0.706794
 0.766397
 0.809114
 0.834626
 0.844739
 0.839875
 0.820473
 0.786193
 0.73622
 0.669322
 0.58421
 0.479957
 0.356331
 0.21312
 0.049153
 -0.111813
 -0.222279
 -0.386544
 -0.519419
 -0.629549
 -0.710029
 -0.772812
 -0.81656
 -0.843264
 -0.853605
 -0.848639
 -0.828624
 -0.793282
 -0.741781
 -0.672991
 -0.585793
 -0.479564
 -0.354697
 -0.212563
 -0.0534614
 0.122258
 0.27795
 0.383899
 0.515003
 0.620625
 0.705841
 0.765711
 0.808468
 0.834064
 0.844232
 0.839419
 0.820048
 0.78579
 0.735828
 0.668935
 0.583823
 0.479565
 0.355917
 0.212632
 0.048576
 -0.111875
 -0.22224
 -0.387069
 -0.5197
 -0.629764
 -0.710157
 -0.772949
 -0.816675
 -0.843367
 -0.853694
 -0.848721
 -0.8287
 -0.793355
 -0.741851
 -0.67306
 -0.585861
 -0.479632
 -0.354766
 -0.212638
 -0.0535569
 0.122153
 0.277937
 0.383893
 0.514951
 0.620588
 0.705812
 0.76569
 0.808448
 0.834047
 0.844217
 0.839406
 0.820036
 0.785778
 0.735816
 0.668923
 0.583812
 0.479553
 0.355905
 0.212617
 0.0485587
 -0.111877
 -0.222239
 -0.387085
 -0.519708
 -0.629771
 -0.710161
 -0.772954
 -0.816679
 -0.84337
 -0.853697
 -0.848723
 -0.828703
 -0.793357
 -0.741853
 -0.673063
 -0.585863
 -0.479634
 -0.354768
 -0.212641
 -0.0535597
 0.12215
 0.277936
 0.383893
 0.51495
 0.620587
 0.705811
 0.76569
 0.808448
 0.834047
 0.844216
 0.839405
 0.820035
 0.785777
 0.735816
 0.668923
 0.583811
 0.479553
 0.355905
 0.212617
 0.0485581
 -0.111877
 -0.222239
 -0.387085
 -0.519709
 -0.629771
 -0.710161
 -0.772954
 -0.816679
 -0.84337
 -0.853697
 -0.848723
 -0.828703
 -0.793357
 -0.741853
 -0.673063
 -0.585864
 -0.479634
 -0.354768
 -0.212641
 -0.0535598
 0.12215
 0.277936
 0.383893
 0.51495
 0.620586
 0.705811
 0.76569
 0.808447
 0.834047
 0.844216
 0.839405
 0.820035
 0.785777
 0.735816
 0.668923
 0.583811
 0.479553
 0.355904
 0.212617
 0.0485581
 -0.111877
 -0.222239
 -0.387085
 -0.519709
 -0.629771
 -0.710161
 -0.772954
 -0.816679
 -0.84337
 -0.853697
 -0.848723
 -0.828703
 -0.793357
 -0.741853
 -0.673063
 -0.585864
 -0.479634
 -0.354768
 -0.212641
 -0.0535598
 0.122149
 0.277936
 0.383893
 0.51495
 0.620586
 0.705811
 0.76569
 0.808447
 0.834047
 0.844216
 0.839405
 0.820035
 0.785777
 0.735816
 0.668923
 0.583811
 0.479553
 0.355904
 0.212617
 0.0485581
 -0.111877
 -0.222239
 -0.387085
 -0.519709
 -0.629771
 -0.710161
 -0.772954
 -0.816679
 -0.84337
 -0.853697
 -0.848723
 -0.828703
 -0.793357
 -0.741853
 -0.673063
 -0.585864
 -0.479634
 -0.354768
 -0.212641
 -0.0535598
 0.122149
 0.277936
 0.383893
 0.51495
 0.620586
 0.705811
 0.76569
 0.808447
 0.834047
 0.844216
 0.839405
 0.820035
 0.785777
 0.735816
 0.668923
 0.583811
 0.479553
 0.355904
 0.212617
 0.0485581
 -0.111877
 -0.222239
 -0.387085
 -0.519709
 -0.629771
 -0.710161
 -0.772954
 -0.816679
 -0.84337
 -0.853697
 -0.848723
 -0.828703
 -0.793357
 -0.741853
 -0.673063
 -0.585864
 -0.479634
 -0.354768
 -0.212641
 -0.0535598
 0.122149
 0.277936
 0.383893
 0.51495
 0.620586
 0.705811
 0.76569
 0.808447
 0.834047
 0.844216
 0.839405
 0.820035
 0.785777
 0.735816
 0.668923
 0.583811
 0.479553
 0.355904
 0.212617
 0.0485581
 -0.111877
 -0.222239
 -0.387085
 -0.519709
 -0.629771
 -0.710161
 -0.772954
 -0.816679
 -0.84337
 -0.853697
 -0.848723
 -0.828703
 -0.793357
 -0.741853
 -0.673063
 -0.585864
 -0.479634
 -0.354768
 -0.212641
 -0.0535598
 0.122149
 0.277936
 0.383893
 0.51495
 0.620586
 0.705811
 0.76569
 0.808447
 0.834047
 0.844216
 0.839405
 0.820035
 0.785777
 0.735816
 0.668923
 0.583811
 0.479553
 0.355904
 0.212617
 0.0485581
 -0.111877
 -0.222239
 -0.387085
 -0.519709
 -0.629771
 -0.710161
 -0.772954
 -0.816679
 -0.84337
 -0.853697
 -0.848723
 -0.828703
 -0.793357
 -0.741853
 -0.673063
 -0.585864
 -0.479634
 -0.354768
 -0.212641
 -0.0535598
 0.122149
 0.277936
 0.383893
 0.51495
 0.620586
 0.705811
 0.76569
 0.808447
 0.834047
 0.844216
 0.839405
 0.820035
 0.785777
 0.735816
 0.668923
 0.583811
 0.479553
 0.355904
 0.212617
 0.0485581
 -0.111877
 -0.222239
 -0.387085
 -0.519709
 -0.629771
 -0.710161
 -0.772954
 -0.816679
 -0.84337
 -0.853697
 -0.848723
 -0.828703
 -0.793357
 -0.741853
 -0.673063
 -0.585864
 -0.479634
 -0.354768
 -0.212641
 -0.0535598
 0.122149
 0.277936
 0.383893
 0.51495
 0.620586
 0.705811
 0.76569
 0.808447
 0.834047
 0.844216
 0.839405
 0.820035
 0.785777
 0.735816
 0.668923
 0.583811
 0.479553
 0.355904
 0.212617
 0.0485581
 -0.111877
 -0.222239
 -0.387085
 -0.519709
 -0.629771
 -0.710161
 -0.772954
 -0.816679
 -0.84337
 -0.853697
 -0.848723
 -0.828703
 -0.793357
 -0.741853
 -0.673063
 -0.585864
 -0.479634
 -0.354768
 -0.212641
 -0.0535598
 0.122149
 0.277936
 0.383893
 0.51495
 0.620586
 0.705811
 0.76569
 0.808447
 0.834047
 0.844216
 0.839405
 0.820035
 0.785777
 0.735816
 0.668923
 0.583811
 0.479553
 0.355904
 0.212617
 0.0485581
 -0.111877
 -0.222239
 -0.387085
 -0.519709
 -0.629771
 -0.710161
 -0.772954
 -0.816679
 -0.84337
 -0.853697
 -0.848723
 -0.828703
 -0.793357
 -0.741853
 -0.673063
 -0.585864
 -0.479634
 -0.354768
 -0.212641
 -0.0535598
 0.122149
 0.277936
 0.383893
 0.51495
 0.620586
 0.705811
 0.76569
 0.808447
 0.834047
 0.844216
 0.839405
 0.820035
 0.785777
 0.735816
 0.668923
 0.583811
 0.479553
 0.355904
 0.212617
 0.0485581
 -0.111877
 -0.222239
 -0.387085
 -0.519709
 -0.629771
 -0.710161
 -0.772954
 -0.816679
 -0.84337
 -0.853697
 -0.848723
 -0.828703
 -0.793357
 -0.741853
 -0.673063
 -0.585864
 -0.479634
 -0.354768
 -0.212641
 -0.0535598
 0.122149
 0.277936
 0.383893
 0.51495
 0.620586
 0.705811
 0.76569
 0.808447
 0.834047
 0.844216
 0.839405
 0.820035
 0.785777
 0.735816
 0.668923
 0.583811
 0.479553
 0.355904
 0.212617
 0.0485581
 -0.111877
 -0.222239
 -0.387085
 -0.519709
 -0.629771
 -0.710161
 -0.772954
 -0.816679
 -0.84337
 -0.853697
 -0.848723
 -0.828703
 -0.793357
 -0.741853
 -0.673063
 -0.585864
 -0.479634
 -0.354768
 -0.212641
 -0.0535598
 0.122149
 0.277936
 0.383893
 0.51495
 0.620586
 0.705811
 0.76569
 0.808447
 0.834047
 0.844216
 0.839405
 0.820035
 0.785777
 0.735816
 0.668923
 0.583811
 0.479553
 0.355904
 0.212617
 0.0485581
 -0.111877
 -0.222239
 -0.387085
 -0.519709
 -0.629771
 -0.710161
 -0.772954
 -0.816679
 -0.84337
 -0.853697
 -0.848723
 -0.828703
 -0.793357
 -0.741853
 -0.673063
 -0.585864
 -0.479634
 -0.354768
 -0.212641
 -0.0535598
 0.122149
 0.277936
 0.383893
 0.51495
 0.620586
 0.705811
 0.76569
 0.808447
 0.834047
 0.844216
 0.839405
 0.820035
 0.785777
 0.735816
 0.668923
 0.583811
 0.479553
 0.355904
 0.212617
 0.0485581
 -0.111877
 -0.222239
 -0.387085
 -0.519709
 -0.629771
 -0.710161
 -0.772954
 -0.816679
 -0.84337
 -0.853697
 -0.848723
 -0.828703
 -0.793357
 -0.741853
 -0.673063
 -0.585864
 -0.479634
 -0.354768
 -0.212641
 -0.0535598
 0.122149
 0.277936
 0.383893
 0.51495
 0.620586
 0.705811
 0.76569
 0.808447
 0.834047
 0.844216
 0.839405
 0.820035
 0.785777
 0.735816
 0.668923
 0.583811
 0.479553
 0.355904
 0.212617
 0.0485581
 -0.111877
 -0.222239
 -0.387085
 -0.519709
 -0.629771
 -0.710161
 -0.772954
 -0.816679
 -0.84337
 -0.853697
 -0.848723
 -0.828703
 -0.793357
 -0.741853
 -0.673063
 -0.585864
 -0.479634
 -0.354768
 -0.212641
 -0.0535598
 0.122149
 0.277936
 0.383893
 0.51495
 0.620586
 0.705811
 0.76569
 0.808447
 0.834047
 0.844216
 0.839405
 0.820035
 0.785777
 0.735816
 0.668923
 0.583811
 0.479553
 0.355904
 0.212617
 0.0485581
 -0.111877
 -0.222239
 -0.387085
 -0.519709
 -0.629771
 -0.710161
 -0.772954
 -0.816679
 -0.84337
 -0.853697
 -0.848723
 -0.828703
 -0.793357
 -0.741853
 -0.673063
 -0.585864
 -0.479634
 -0.354768
 -0.212641
 -0.0535598
 0.122149
 0.277936
 0.383893
 0.51495
 0.620586
 0.705811
 0.76569
 0.808447
 0.834047
 0.844216
 0.839405
 0.820035
 0.785777
 0.735816
 0.668923
 0.583811
 0.479553
 0.355904
 0.212617
 0.0485581
 -0.111877
 -0.222239
 -0.387085
 -0.519709
 -0.629771
 -0.710161
 -0.772954
 -0.816679
 -0.84337
 -0.853697
 -0.848723
 -0.828703
 -0.793357
 -0.741853
 -0.673063
 -0.585864
 -0.479634
 -0.354768
 -0.212641
 -0.0535598
 0.122149
 0.277936
 0.383893
 0.51495
 0.620586
 0.705811
 0.76569
 0.808447
 0.834047
 0.844216
 0.839405
 0.820035
 0.785777
 0.735816
 0.668923
 0.583811
 0.479553
 0.355904
 0.212617
 0.0485581
 -0.111877
 -0.222239
 -0.387085
 -0.519709
 -0.629771
 -0.710161
 -0.772954
 -0.816679
 -0.84337
 -0.853697
 -0.848723
 -0.828703
 -0.793357
 -0.741853
 -0.673063
 -0.585864
 -0.479634
 -0.354768
 -0.212641
 -0.0535598
 0.122149
 0.277936
 0.383893
 0.51495
 0.620586
 0.705811
 0.76569
 0.808447
 0.834047
 0.844216
 0.839405
 0.820035
 0.785777
 0.735816
 0.668923
 0.583811
 0.479553
 0.355904
 0.212617
 0.0485581
 -0.111877
 -0.222239
 -0.387085
 -0.519709
 -0.629771
 -0.710161
 -0.772954
 -0.816679
 -0.84337
 -0.853697
 -0.848723
 -0.828703
 -0.793357
 -0.741853
 -0.673063
 -0.585864
 -0.479634
 -0.354768
 -0.212641
 -0.0535598
 0.122149
 0.277936
 0.383893
 0.51495
 0.620586
 0.705811
 0.76569
 0.808447
 0.834047
 0.844216
 0.839405
 0.820035
 0.785777
 0.735816
 0.668923
 0.583811
 0.479553
 0.355904
 0.212617
 0.0485581
 -0.111877
 -0.222239
 -0.387085
 -0.519709
 -0.629771
 -0.710161
 -0.772954
 -0.816679
 -0.84337
 -0.853697
 -0.848723
 -0.828703
 -0.793357
 -0.741853
 -0.673063
 -0.585864
 -0.479634
 -0.354768
 -0.212641
 -0.0535598
 0.122149
 0.277936
 0.383893
 0.51495
 0.620586
 0.705811
 0.76569
 0.808447
 0.834047
 0.844216
 0.839405
 0.820035
 0.785777
 0.735816
 0.668923
 0.583811
 0.479553
 0.355904
 0.212617
 0.0485581
 -0.111877
 -0.222239
 -0.387085
 -0.519709
 -0.629771
 -0.710161
 -0.772954
 -0.816679
 -0.84337
 -0.853697
 -0.848723
 -0.828703
 -0.793357
 -0.741853
 -0.673063
 -0.585864
 -0.479634
 -0.354768
 -0.212641
 -0.0535598
 0.122149
 0.277936
 0.383893
 0.51495
 0.620586
 0.705811
 0.76569
 0.808447
 0.834047
 0.844216
 0.839405
 0.820035
 0.785777
 0.735816
 0.668923
 0.583811
 0.479553
 0.355904
 0.212617
 0.0485581
 -0.111877
 -0.222239
 -0.387085
 -0.519709
 -0.629771
 -0.710161
 -0.772954
 -0.816679
 -0.84337
 -0.853697
 -0.848723
 -0.828703
 -0.793357
 -0.741853
 -0.673063
 -0.585864
 -0.479634
 -0.354768
