 0
 0.156434
 0.309017
 0.45399
 0.587785
 0.707107
 0.809017
 0.891007
 0.951057
 0.987688
 1
 0.987688
 0.951057
 0.891007
 0.809017
 0.707107
 0.587785
 0.45399
 0.309017
 0.156434
 1.22465e-016
 -0.156434
 -0.309017
 -0.45399
 -0.587785
 -0.707107
 -0.809017
 -0.891007
 -0.951057
 -0.987688
 -1
 -0.987688
 -0.951057
 -0.891007
 -0.809017
 -0.707107
 -0.587785
 -0.45399
 -0.309017
 -0.156434
 -2.44929e-016
 0.156434
 0.309017
 0.45399
 0.587785
 0.707107
 0.809017
 0.891007
 0.951057
 0.987688
 1
 0.987688
 0.951057
 0.891007
 0.809017
 0.707107
 0.587785
 0.45399
 0.309017
 0.156434
 3.67394e-016
 -0.156434
 -0.309017
 -0.45399
 -0.587785
 -0.707107
 -0.809017
 -0.891007
 -0.951057
 -0.987688
 -1
 -0.987688
 -0.951057
 -0.891007
 -0.809017
 -0.707107
 -0.587785
 -0.45399
 -0.309017
 -0.156434
 -4.89859e-016
 0.156434
 0.309017
 0.45399
 0.587785
 0.707107
 0.809017
 0.891007
 0.951057
 0.987688
 1
 0.987688
 0.951057
 0.891007
 0.809017
 0.707107
 0.587785
 0.45399
 0.309017
 0.156434
 6.12323e-016
 -0.156434
 -0.309017
 -0.45399
 -0.587785
 -0.707107
 -0.809017
 -0.891007
 -0.951057
 -0.987688
 -1
 -0.987688
 -0.951057
 -0.891007
 -0.809017
 -0.707107
 -0.587785
 -0.45399
 -0.309017
 -0.156434
 -7.34788e-016
 0.156434
 0.309017
 0.45399
 0.587785
 0.707107
 0.809017
 0.891007
 0.951057
 0.987688
 1
 0.987688
 0.951057
 0.891007
 0.809017
 0.707107
 0.587785
 0.45399
 0.309017
 0.156434
 8.57253e-016
 -0.156434
 -0.309017
 -0.45399
 -0.587785
 -0.707107
 -0.809017
 -0.891007
 -0.951057
 -0.987688
 -1
 -0.987688
 -0.951057
 -0.891007
 -0.809017
 -0.707107
 -0.587785
 -0.45399
 -0.309017
 -0.156434
 -9.79717e-016
 0.156434
 0.309017
 0.45399
 0.587785
 0.707107
 0.809017
 0.891007
 0.951057
 0.987688
 1
 0.987688
 0.951057
 0.891007
 0.809017
 0.707107
 0.587785
 0.45399
 0.309017
 0.156434
 1.10218e-015
 -0.156434
 -0.309017
 -0.45399
 -0.587785
 -0.707107
 -0.809017
 -0.891007
 -0.951057
 -0.987688
 -1
 -0.987688
 -0.951057
 -0.891007
 -0.809017
 -0.707107
 -0.587785
 -0.45399
 -0.309017
 -0.156434
 -1.22465e-015
 0.156434
 0.309017
 0.45399
 0.587785
 0.707107
 0.809017
 0.891007
 0.951057
 0.987688
 1
 0.987688
 0.951057
 0.891007
 0.809017
 0.707107
 0.587785
 0.45399
 0.309017
 0.156434
 4.89983e-015
 -0.156434
 -0.309017
 -0.45399
 -0.587785
 -0.707107
 -0.809017
 -0.891007
 -0.951057
 -0.987688
 -1
 -0.987688
 -0.951057
 -0.891007
 -0.809017
 -0.707107
 -0.587785
 -0.45399
 -0.309017
 -0.156434
 -1.46958e-015
 0.156434
 0.309017
 0.45399
 0.587785
 0.707107
 0.809017
 0.891007
 0.951057
 0.987688
 1
 0.987688
 0.951057
 0.891007
 0.809017
 0.707107
 0.587785
 0.45399
 0.309017
 0.156434
 -1.96067e-015
 -0.156434
 -0.309017
 -0.45399
 -0.587785
 -0.707107
 -0.809017
 -0.891007
 -0.951057
 -0.987688
 -1
 -0.987688
 -0.951057
 -0.891007
 -0.809017
 -0.707107
 -0.587785
 -0.45399
 -0.309017
 -0.156434
 -1.71451e-015
 0.156434
 0.309017
 0.45399
 0.587785
 0.707107
 0.809017
 0.891007
 0.951057
 0.987688
 1
 0.987688
 0.951057
 0.891007
 0.809017
 0.707107
 0.587785
 0.45399
 0.309017
 0.156434
 5.38968e-015
 -0.156434
 -0.309017
 -0.45399
 -0.587785
 -0.707107
 -0.809017
 -0.891007
 -0.951057
 -0.987688
 -1
 -0.987688
 -0.951057
 -0.891007
 -0.809017
 -0.707107
 -0.587785
 -0.45399
 -0.309017
 -0.156434
 -1.95943e-015
 0.156434
 0.309017
 0.45399
 0.587785
 0.707107
 0.809017
 0.891007
 0.951057
 0.987688
 1
 0.987688
 0.951057
 0.891007
 0.809017
 0.707107
 0.587785
 0.45399
 0.309017
 0.156434
 -1.47081e-015
 -0.156434
 -0.309017
 -0.45399
 -0.587785
 -0.707107
 -0.809017
 -0.891007
 -0.951057
 -0.987688
 -1
 -0.987688
 -0.951057
 -0.891007
 -0.809017
 -0.707107
 -0.587785
 -0.45399
 -0.309017
 -0.156434
 -2.20436e-015
 0.156434
 0.309017
 0.45399
 0.587785
 0.707107
 0.809017
 0.891007
 0.951057
 0.987688
 1
 0.987688
 0.951057
 0.891007
 0.809017
 0.707107
 0.587785
 0.45399
 0.309017
 0.156434
 5.87954e-015
 -0.156434
 -0.309017
 -0.45399
 -0.587785
 -0.707107
 -0.809017
 -0.891007
 -0.951057
 -0.987688
 -1
 -0.987688
 -0.951057
 -0.891007
 -0.809017
 -0.707107
 -0.587785
 -0.45399
 -0.309017
 -0.156434
 -2.44929e-015
 0.156434
 0.309017
 0.45399
 0.587785
 0.707107
 0.809017
 0.891007
 0.951057
 0.987688
 1
 0.987688
 0.951057
 0.891007
 0.809017
 0.707107
 0.587785
 0.45399
 0.309017
 0.156434
 -9.80955e-016
 -0.156434
 -0.309017
 -0.45399
 -0.587785
 -0.707107
 -0.809017
 -0.891007
 -0.951057
 -0.987688
 -1
 -0.987688
 -0.951057
 -0.891007
 -0.809017
 -0.707107
 -0.587785
 -0.45399
 -0.309017
 -0.156434
 -9.79965e-015
 0.156434
 0.309017
 0.45399
 0.587785
 0.707107
 0.809017
 0.891007
 0.951057
 0.987688
 1
 0.987688
 0.951057
 0.891007
 0.809017
 0.707107
 0.587785
 0.45399
 0.309017
 0.156434
 6.3694e-015
 -0.156434
 -0.309017
 -0.45399
 -0.587785
 -0.707107
 -0.809017
 -0.891007
 -0.951057
 -0.987688
 -1
 -0.987688
 -0.951057
 -0.891007
 -0.809017
 -0.707107
 -0.587785
 -0.45399
 -0.309017
 -0.156434
 -2.93915e-015
 0.156434
 0.309017
 0.45399
 0.587785
 0.707107
 0.809017
 0.891007
 0.951057
 0.987688
 1
 0.987688
 0.951057
 0.891007
 0.809017
 0.707107
 0.587785
 0.45399
 0.309017
 0.156434
 -4.91097e-016
 -0.156434
 -0.309017
 -0.45399
 -0.587785
 -0.707107
 -0.809017
 -0.891007
 -0.951057
 -0.987688
 -1
 -0.987688
 -0.951057
 -0.891007
 -0.809017
 -0.707107
 -0.587785
 -0.45399
 -0.309017
 -0.156434
 3.92135e-015
 0.156434
 0.309017
 0.45399
 0.587785
 0.707107
 0.809017
 0.891007
 0.951057
 0.987688
 1
 0.987688
 0.951057
 0.891007
 0.809017
 0.707107
 0.587785
 0.45399
 0.309017
 0.156434
 6.85926e-015
 -0.156434
 -0.309017
 -0.45399
 -0.587785
 -0.707107
 -0.809017
 -0.891007
 -0.951057
 -0.987688
 -1
 -0.987688
 -0.951057
 -0.891007
 -0.809017
 -0.707107
 -0.587785
 -0.45399
 -0.309017
 -0.156434
 -3.42901e-015
 0.156434
 0.309017
 0.45399
 0.587785
 0.707107
 0.809017
 0.891007
 0.951057
 0.987688
 1
 0.987688
 0.951057
 0.891007
 0.809017
 0.707107
 0.587785
 0.45399
 0.309017
 0.156434
 -1.23796e-018
 -0.156434
 -0.309017
 -0.45399
 -0.587785
 -0.707107
 -0.809017
 -0.891007
 -0.951057
 -0.987688
 -1
 -0.987688
 -0.951057
 -0.891007
 -0.809017
 -0.707107
 -0.587785
 -0.45399
 -0.309017
 -0.156434
 -1.07794e-014
 0.156434
 0.309017
 0.45399
 0.587785
 0.707107
 0.809017
 0.891007
 0.951057
 0.987688
 1
 0.987688
 0.951057
 0.891007
 0.809017
 0.707107
 0.587785
 0.45399
 0.309017
 0.156434
 7.34912e-015
 -0.156434
 -0.309017
 -0.45399
 -0.587785
 -0.707107
 -0.809017
 -0.891007
 -0.951057
 -0.987688
 -1
 -0.987688
 -0.951057
 -0.891007
 -0.809017
 -0.707107
 -0.587785
 -0.45399
 -0.309017
 -0.156434
 -3.91887e-015
 0.156434
 0.309017
 0.45399
 0.587785
 0.707107
 0.809017
 0.891007
 0.951057
 0.987688
 1
 0.987688
 0.951057
 0.891007
 0.809017
 0.707107
 0.587785
 0.45399
 0.309017
 0.156434
 4.88621e-016
 -0.156434
 -0.309017
 -0.45399
 -0.587785
 -0.707107
 -0.809017
 -0.891007
 -0.951057
 -0.987688
 -1
 -0.987688
 -0.951057
 -0.891007
 -0.809017
 -0.707107
 -0.587785
 -0.45399
 -0.309017
 -0.156434
 2.94163e-015
 0.156434
 0.309017
 0.45399
 0.587785
 0.707107
 0.809017
 0.891007
 0.951057
 0.987688
 1
 0.987688
 0.951057
 0.891007
 0.809017
 0.707107
 0.587785
 0.45399
 0.309017
 0.156434
 7.83898e-015
 -0.156434
 -0.309017
 -0.45399
 -0.587785
 -0.707107
 -0.809017
 -0.891007
 -0.951057
 -0.987688
 -1
 -0.987688
 -0.951057
 -0.891007
 -0.809017
 -0.707107
 -0.587785
 -0.45399
 -0.309017
 -0.156434
 -4.40873e-015
 0.156434
 0.309017
 0.45399
 0.587785
 0.707107
 0.809017
 0.891007
 0.951057
 0.987688
 1
 0.987688
 0.951057
 0.891007
 0.809017
 0.707107
 0.587785
 0.45399
 0.309017
 0.156434
 9.78479e-016
 -0.156434
 -0.309017
 -0.45399
 -0.587785
 -0.707107
 -0.809017
 -0.891007
 -0.951057
 -0.987688
 -1
 -0.987688
 -0.951057
 -0.891007
 -0.809017
 -0.707107
 -0.587785
 -0.45399
 -0.309017
 -0.156434
 -1.17591e-014
 0.156434
 0.309017
 0.45399
 0.587785
 0.707107
 0.809017
 0.891007
 0.951057
 0.987688
 1
 0.987688
 0.951057
 0.891007
 0.809017
 0.707107
 0.587785
 0.45399
 0.309017
 0.156434
 8.32884e-015
 -0.156434
 -0.309017
 -0.45399
 -0.587785
 -0.707107
 -0.809017
 -0.891007
 -0.951057
 -0.987688
 -1
 -0.987688
 -0.951057
 -0.891007
 -0.809017
 -0.707107
 -0.587785
 -0.45399
 -0.309017
 -0.156434
 -4.89859e-015
 0.156434
 0.309017
 0.45399
 0.587785
 0.707107
 0.809017
 0.891007
 0.951057
 0.987688
 1
 0.987688
 0.951057
 0.891007
 0.809017
 0.707107
 0.587785
 0.45399
 0.309017
 0.156434
 1.56792e-014
 -0.156434
 -0.309017
 -0.45399
 -0.587785
 -0.707107
 -0.809017
 -0.891007
 -0.951057
 -0.987688
 -1
 -0.987688
 -0.951057
 -0.891007
 -0.809017
 -0.707107
 -0.587785
 -0.45399
 -0.309017
 -0.156434
 1.96191e-015
 0.156434
 0.309017
 0.45399
 0.587785
 0.707107
 0.809017
 0.891007
 0.951057
 0.987688
 1
 0.987688
 0.951057
 0.891007
 0.809017
 0.707107
 0.587785
 0.45399
 0.309017
 0.156434
 8.81869e-015
 -0.156434
 -0.309017
 -0.45399
 -0.587785
 -0.707107
 -0.809017
 -0.891007
 -0.951057
 -0.987688
 -1
 -0.987688
 -0.951057
 -0.891007
 -0.809017
 -0.707107
 -0.587785
 -0.45399
 -0.309017
 -0.156434
 -1.95993e-014
 0.156434
 0.309017
 0.45399
 0.587785
 0.707107
 0.809017
 0.891007
 0.951057
 0.987688
 1
 0.987688
 0.951057
 0.891007
 0.809017
 0.707107
 0.587785
 0.45399
 0.309017
 0.156434
 1.9582e-015
 -0.156434
 -0.309017
 -0.45399
 -0.587785
 -0.707107
 -0.809017
 -0.891007
 -0.951057
 -0.987688
 -1
 -0.987688
 -0.951057
 -0.891007
 -0.809017
 -0.707107
 -0.587785
 -0.45399
 -0.309017
 -0.156434
 -1.27388e-014
 0.156434
 0.309017
 0.45399
 0.587785
 0.707107
 0.809017
 0.891007
 0.951057
 0.987688
 1
 0.987688
 0.951057
 0.891007
 0.809017
 0.707107
 0.587785
 0.45399
 0.309017
 0.156434
 -4.9023e-015
 -0.156434
 -0.309017
 -0.45399
 -0.587785
 -0.707107
 -0.809017
 -0.891007
 -0.951057
 -0.987688
 -1
 -0.987688
 -0.951057
 -0.891007
 -0.809017
 -0.707107
 -0.587785
 -0.45399
 -0.309017
 -0.156434
 -5.8783e-015
 0.156434
 0.309017
 0.45399
 0.587785
 0.707107
 0.809017
 0.891007
 0.951057
 0.987688
 1
 0.987688
 0.951057
 0.891007
 0.809017
 0.707107
 0.587785
 0.45399
 0.309017
 0.156434
 1.66589e-014
 -0.156434
 -0.309017
 -0.45399
 -0.587785
 -0.707107
 -0.809017
 -0.891007
 -0.951057
 -0.987688
 -1
 -0.987688
 -0.951057
 -0.891007
 -0.809017
 -0.707107
 -0.587785
 -0.45399
 -0.309017
 -0.156434
