-0.487228
0.690847
-0.534532
0.91345
0.159276
-0.0632649
0.207129
-0.854976
0.411298
-0.608936
0.060213
0.394147
-0.13242
0.524461
0.81341
-0.305704
-0.770562
0.827631
0.21012
0.167699
-0.927427
-0.253517
-0.605945
0.938719
-0.643056
0.401959
0.999634
-0.886532
0.737785
-0.0923185
-0.551622
-0.861385
-0.26072
0.0978118
0.0163884
-0.148656
0.855037
-0.522629
0.232459
0.533189
-0.364422
0.207984
0.171545
0.280679
-0.172216
0.940855
-0.795099
0.00430311
0.626698
-0.689627
-0.229957
-0.630543
-0.896359
0.900449
-0.27781
-0.00918607
-0.127354
0.495102
-0.169042
-0.806635
-0.942808
0.427839
-0.0164495
-0.347514
0.620777
-0.159459
0.657765
-0.775201
0.122837
-0.334819
-0.773309
0.284036
-0.0367138
-0.859554
-0.341411
0.872005
-0.822504
0.676687
-0.827082
0.979431
-0.154881
0.880123
0.416791
0.267861
-0.826228
0.55034
0.722648
0.545518
-0.677969
-0.537156
-0.989074
-0.690603
0.0223701
0.749199
-0.099826
-0.333476
0.0679647
0.687063
-0.414594
0.946593
0.724967
0.71337
-0.950255
-0.682058
-0.866939
-0.527696
-0.829646
0.721305
0.757256
-0.288858
-0.719535
-0.569445
0.951842
-0.163976
-0.247597
0.556688
0.70159
0.940794
0.161473
-0.195593
0.600146
-0.879757
-0.405194
0.795953
0.129795
-0.117893
0.66747
-0.726859
0.303934
0.46794
-0.192358
0.491562
0.736076
0.897885
-0.625965
-0.882138
-0.803644
-0.450362
0.168188
-0.0556963
0.719657
0.0856044
-0.0970183
0.731315
0.326029
-0.459944
0.191443
-0.507736
0.417829
0.378948
-0.382672
-0.468307
0.914548
0.344707
-0.549852
0.550035
-0.811518
0.899228
-0.432844
-0.872921
-0.135655
0.0762658
-0.854793
0.897519
-0.456709
0.557115
-0.315653
-0.270791
0.516831
0.781243
0.926084
0.219275
0.530137
-0.0957976
-0.771599
0.817743
0.659719
0.416547
0.960997
-0.106479
0.36607
-0.765557
0.481429
0.0540483
-0.214881
-0.923826
-0.742851
-0.968932
0.320231
0.93585
-0.306497
0.445662
-0.402631
-0.532456
0.231483
0.764458
-0.153478
0.0919523
-0.721915
-0.240089
-0.229286
-0.361858
0.530442
0.786981
0.966552
-0.666677
-0.742668
0.18833
0.957274
-0.0478225
0.100497
0.14182
-0.0977508
-0.0605792
-0.0427564
0.260598
-0.955504
0.317057
0.508591
0.261086
-0.0411084
-0.810297
-0.0467849
-0.991455
0.663625
-0.340129
0.512253
0.254982
-0.342204
-0.0342723
-0.734916
0.380291
-0.0531327
-0.345805
0.880184
0.450484
0.119175
0.602039
-0.197302
-0.0958586
0.535508
0.696402
0.462081
0.180883
-0.305216
0.988525
-0.939024
-0.396954
0.837703
0.132298
-0.490524
-0.175451
-0.148839
0.921201
-0.934507
-0.841853
0.536302
0.733879
0.245827
-0.905881
0.30192
0.704337
0.567736
-0.676748
0.346538
-0.574511
0.686697
-0.424421
-0.60918
0.00186163
0.489975
-0.411298
-0.976073
0.260964
-0.289773
-0.482894
-0.275246
0.93878
0.621204
0.0954924
-0.377789
-0.350627
-0.622425
0.868465
-0.943907
-0.547227
-0.437788
-0.200781
-0.999084
-0.167455
0.502915
0.569689
0.416059
0.896176
-0.0791955
0.884335
0.583422
0.610828
-0.526109
0.0906095
-0.503098
-0.113315
0.757134
-0.571947
0.364422
-0.679922
0.322123
-0.780572
-0.71453
0.409894
-0.720939
0.314615
0.168065
-0.941832
0.0430616
0.102206
-0.0546587
0.170019
-0.2125
0.39903
0.155797
-0.838557
-0.833125
-0.468429
-0.0501419
-0.807917
-0.128208
-0.0786462
0.58385
-0.0686972
-0.421674
-0.513901
0.465255
0.673147
-0.145299
0.170812
0.811335
-0.389203
-0.412824
-0.0809046
0.983032
0.0839564
-0.511887
-0.600391
-0.442183
-0.388775
0.248634
-0.202185
0.202857
0.520493
-0.10184
0.987365
0.411481
-0.0112613
0.933592
0.392499
0.165685
0.305521
0.780511
-0.145299
0.586596
-0.829402
0.148839
0.815485
-0.363872
0.840205
0.845698
-0.872188
0.931578
-0.0677206
-0.392499
-0.189978
0.735771
0.705679
-0.485458
-0.947935
-0.813593
-0.376568
-0.450606
-0.210242
0.825312
0.0144963
-0.136631
0.156468
0.491134
0.644887
-0.688772
-0.872555
-0.361919
-0.987732
0.819269
0.667409
-0.857112
-0.825007
-0.853206
0.694266
-0.337565
0.92938
0.605518
0.172765
-0.39555
0.146397
-0.702322
0.648488
-0.225379
-0.917966
-0.563097
-0.463729
0.761467
0.472213
0.31315
-0.52501
0.121738
0.224769
-0.535142
-0.93878
-0.569689
0.522996
0.620655
-0.725883
0.254372
0.150792
-0.0270089
0.904721
-0.883419
-0.146886
-0.653737
-0.69921
0.509507
-0.455428
-0.17777
-0.2584
0.0220649
-0.822626
0.384747
-0.24662
0.643239
0.0829188
-0.853694
-0.321268
0.302835
0.597461
-0.280068
-0.186987
-0.286233
0.786554
0.296915
-0.581164
0.57738
0.0786462
-0.00485244
-0.0673544
-0.785821
0.621937
0.0390332
-0.325358
-0.31608
0.176183
0.333598
0.375835
-0.544969
-0.647633
0.996338
0.833003
-0.31138
-0.987854
-0.591845
0.00607318
-0.802667
0.640187
0.346416
0.86877
0.143223
-0.498276
-0.237526
-0.674184
0.535508
-0.602344
-0.233741
-0.490829
-0.40727
0.82989
-0.619434
-0.234535
-0.970214
-0.611011
0.627247
0.647633
0.333598
0.177892
0.507675
-0.777581
-0.91052
-0.91821
0.440779
-0.992248
0.421125
0.700003
-0.279946
-0.149693
0.605579
-0.251442
0.553331
-0.942137
0.927549
-0.25016
-0.754082
0.0978118
0.833491
-0.181738
-0.907895
0.174413
0.44969
-0.642811
-0.464827
0.997803
-0.474166
-0.522019
-0.840022
0.0564898
0.866939
0.954405
-0.920103
0.706534
-0.684317
-0.475631
0.280984
0.389691
0.348918
0.352702
-0.515
-0.70745
-0.651234
0.465255
-0.904355
0.760369
-0.3867
0.96942
-0.211951
-0.224036
0.166723
-0.128758
-0.693777
0.819452
-0.56621
-0.696219
0.0297555
-0.582812
-0.160436
-0.0227363
0.872127
0.696646
-0.602344
0.664357
0.0743736
-0.743828
-0.651051
-0.465987
0.455061
-0.335429
-0.0860927
-0.855464
-0.319926
-0.0983612
-0.779534
-0.0902432
-0.885556
-0.947264
-0.529405
-0.149876
-0.181066
-0.430158
-0.593127
-0.558275
-0.747124
-0.58861
-0.856807
-0.624805
-0.752434
0.37376
0.420759
0.0376293
0.81109
-0.0739463
0.352153
0.529038
0.327372
0.862239
-0.282937
0.0273141
0.713431
0.0811487
-0.129551
-0.687551
0.0946989
0.808893
-0.673452
-0.73571
-0.436567
-0.425764
0.0819422
0.144688
0.581286
0.25132
0.73809
0.477523
-0.411237
0.48027
0.488693
-0.660573
0.384564
0.780145
-0.968566
0.872494
-0.163427
-0.33488
0.4691
0.832148
-0.512131
-0.922239
0.260475
-0.0168157
0.619129
-0.549669
-0.71453
0.155736
-0.668996
0.708121
0.0856044
-0.226478
-0.791375
0.526597
-0.657765
0.667898
0.130284
0.154942
-0.343181
0.988891
0.783135
-0.881832
0.693228
0.027131
-0.551134
-0.88873
0.746452
-0.242225
0.621143
0.396771
0.799738
0.919797
0.017304
-0.981384
0.13187
0.44322
-0.452437
0.145726
-0.461592
0.0361034
0.803583
-0.144322
-0.771599
0.744499
0.628773
0.67394
-0.54088
-0.702872
-0.666433
-0.822443
0.972289
-0.951476
-0.882382
0.980041
-0.707511
-0.668691
-0.738639
-0.595019
-0.047029
0.0317698
-0.350505
-0.833674
0.707877
-0.79931
-0.81048
-0.637013
-0.203345
0.511338
0.686819
-0.896786
0.321146
0.377972
0.739372
0.0705283
-0.201453
-0.45323
0.214759
-0.657216
0.952696
0.972533
-0.128636
0.778863
0.805902
0.791803
0.686697
0.282937
0.134739
0.207556
-0.544603
-0.738762
0.350688
-0.904538
-0.780877
-0.418195
-0.130222
-0.853938
-0.908994
0.351665
-0.967345
-0.645924
-0.962706
-0.178442
-0.36198
-0.33195
0.178014
0.733879
0.151952
-0.387371
0.170446
0.422468
0.655202
-0.303629
0.236366
-0.0193793
0.591845
0.416364
-0.603137
-0.193152
-0.619556
0.673879
0.476669
-0.157384
0.951842
0.412214
-0.560228
-0.186377
0.27427
-0.710379
0.620777
-0.212317
0.930235
0.200537
-0.588
0.361675
-0.194006
-0.544237
0.971557
0.789605
-0.0430006
0.436689
0.511765
0.364544
-0.288125
0.533677
-0.266396
-0.632618
-0.923338
0.18247
0.967589
0.89404
-0.497055
-0.189123
-0.416425
-0.125706
0.0810877
-0.492233
0.233924
0.594592
0.222571
-0.772454
-0.509934
-0.963134
-0.107822
0.342082
0.436567
-0.652944
-0.54564
0.352886
-0.215491
0.744072
0.1948
-0.424055
-0.932615
0.183203
-0.419782
-0.388165
0.481002
-0.913877
0.319559
0.412946
0.930418
-0.550829
-0.712271
-0.238319
0.846858
-0.356182
-0.624317
-0.0293283
-0.663625
-0.779901
0.32841
-0.381512
0.222938
-0.972472
-0.366192
-0.867244
0.548753
-0.0361034
-0.474899
0.033723
0.0939055
0.666189
-0.841365
0.650197
-0.521531
-0.544847
0.0301828
0.120823
-0.59154
0.846309
-0.308023
-0.507004
0.629627
-0.0602741
-0.166967
-0.268227
-0.850215
-0.998718
-0.214637
-0.548265
0.294473
-0.451765
-0.481857
0.18363
0.155797
0.250282
-0.817011
-0.0108951
-0.000824
-0.0394604
-0.727409
-0.764946
0.189367
0.18717
0.454634
-0.658559
-0.801447
0.319498
-0.855708
0.313089
0.258889
-0.0801111
-0.121982
-0.129612
-0.778069
-0.604724
0.549486
-0.010712
0.188269
-0.640675
-0.427778
-0.335673
0.468184
-0.000762963
-0.969543
-0.293313
-0.562487
0.758415
0.880123
0.390118
0.850826
-0.351909
0.263771
-0.24369
-0.827082
0.501022
-0.998901
-0.60564
-0.506149
-0.52208
-0.682363
-0.496445
-0.412702
-0.858577
0.874386
0.0553301
-0.323283
-0.591784
-0.839839
-0.135289
0.470565
-0.306986
0.311136
0.384381
-0.970336
-0.443892
0.41673
0.0339061
-0.970458
0.167516
0.377911
-0.122776
0.979125
-0.0998871
0.377972
0.459273
0.959105
0.363994
-0.970885
0.616077
-0.557115
0.194555
-0.742302
0.0696738
0.761528
0.907834
-0.0100406
0.620716
0.775628
0.133335
-0.299234
-0.248817
-0.682669
0.539964
0.889157
-0.549852
0.963988
-0.235817
-0.459456
0.0739463
0.705924
-0.344035
0.641713
0.0545366
0.0721152
0.152684
-0.192969
-0.731864
0.274941
0.094882
0.0820643
0.876217
-0.0632038
0.296121
-0.0154729
-0.548692
-0.0384838
-0.821528
-0.153539
0.201575
-0.887204
0.287942
0.519517
-0.895749
0.862178
0.00021363
-0.494003
0.762688
-0.931639
0.731498
0.578417
-0.202124
-0.947142
-0.0355541
-0.0505692
0.588488
-0.369732
0.404218
-0.944578
-0.830134
0.660024
-0.424848
-0.98413
0.106906
-0.32078
0.171728
0.830561
0.151036
0.180151
-0.524522
0.377911
-0.504196
-0.904843
-0.848323
0.276894
0.442
0.0505692
-0.263527
-0.32609
0.285195
-0.0471511
-0.8717
