-0.843348
1.0499
0.376293
0.236885
-1.43651
1.57543
1.4138
0.727378
-0.0532853
-0.131169
-1.8197
-1.44285
0.857509
1.56822
0.889248
-0.294015
-0.500076
1.63317
1.94397
1.11289
0.604816
1.22495
1.80065
-0.408399
1.18601
0.937101
1.77465
-0.0908841
-1.1959
-1.4973
-0.581988
-0.847133
-1.03537
1.1041
0.0928373
-1.48717
0.271187
0.407666
0.363353
-0.397778
1.96435
0.452101
0.83517
0.442335
0.466506
-1.489
0.0635395
0.236518
-0.439894
1.05942
-0.842616
0.0581683
0.823939
-1.03549
0.70394
0.577837
-1.04843
0.0302133
-0.362133
-0.0460829
0.578448
-0.983856
1.68163
1.01376
-0.758873
-0.739952
-1.01987
-1.15342
1.0947
-1.97449
-1.44249
1.93835
-1.98767
1.7019
1.21665
1.96753
-1.30564
-1.01999
-1.489
1.39268
-1.59227
-1.86901
1.41136
1.95251
1.98535
0.509842
0.29194
-0.794641
0.706992
0.411451
1.86316
-1.76696
1.68896
-0.596271
-1.32627
-0.366649
-1.59484
1.26121
0.808924
-1.07334
0.968352
-0.374706
1.4077
0.502152
-1.20908
0.517655
1.62682
1.22739
-1.74303
-0.172308
-1.32579
0.847133
0.0243538
1.90368
-1.46129
-1.70348
-1.4138
-0.630573
1.03818
-0.946623
0.715049
0.292917
-1.1854
0.653645
1.41392
-1.16929
1.8999
1.49718
-1.99915
-0.524491
1.47459
0.0664693
0.951994
-0.971648
0.44966
1.68554
-1.87463
0.423902
0.492019
-0.0581683
-1.00485
-1.46861
1.12058
1.89795
-0.483718
0.0580462
0.497635
0.21662
-1.75134
1.67736
1.54125
1.32615
0.363353
0.511307
0.98178
0.748131
0.156682
1.08713
0.989471
-1.28452
-1.30308
0.896329
0.997528
-0.795618
-0.769982
-1.31919
1.34483
1.50487
0.965789
-0.430006
0.36433
-0.544633
1.87475
1.19407
0.542192
1.46764
-0.884976
-1.10031
1.37107
-1.53661
1.71984
-1.80773
-1.4752
0.852504
0.164739
0.528642
-1.02145
-0.326609
-0.554399
-1.41234
-0.302561
1.02365
0.287545
-0.858486
-0.47676
0.904019
-0.887906
1.65416
-0.120914
1.60179
-0.612629
-1.26975
-0.0795312
0.738121
0.986419
-1.45726
1.75671
-1.89563
0.177068
-0.640584
-0.633015
-0.586993
-1.12864
0.298044
-1.16233
-1.91333
-0.243355
-1.56822
-0.455641
-1.78808
1.93408
0.372753
-0.0961333
-0.217841
1.69152
-1.5454
1.32261
1.35386
1.03269
-0.355541
1.96387
1.24302
0.590411
1.30442
1.96228
0.38435
-0.453932
1.93042
-0.293771
-0.0191046
-0.816248
0.992889
0.818445
1.0665
0.700888
0.00323496
-0.546709
-0.8923
1.90197
-1.06723
1.54357
0.770959
-0.599811
0.107242
1.61364
-0.0238655
0.952727
1.7036
-1.20945
0.36726
-1.44859
0.973235
-0.36494
1.32005
-1.10007
1.31651
1.41612
-1.38597
1.89465
-0.665731
-0.541581
0.895108
-0.258248
1.98059
0.183294
1.04953
-0.669881
1.94201
-0.529618
-0.380078
0.488235
1.36851
-0.0347301
-0.617512
0.747642
0.0812403
-1.04367
0.216132
-0.759972
-1.61852
0.448195
1.38292
-1.64708
-1.41356
-0.946135
0.349437
-0.233833
-0.583941
1.33421
-0.728111
1.49779
-0.643025
0.205634
0.269723
0.582232
-0.87167
0.0447401
0.613483
0.00628681
-0.627277
0.112613
0.952116
0.528397
-0.299387
1.92383
1.70409
0.00433363
-0.790368
0.187201
0.737388
0.847743
0.606769
-1.05942
-0.535966
0.246773
-1.94433
0.506424
-1.52721
-0.235542
-1.12241
0.893033
1.82763
0.946501
-0.773766
-0.734947
-0.847377
-0.438307
-0.133244
-0.889248
0.633992
1.10141
-1.82055
0.728477
-1.94153
-1.84021
-1.48375
-1.34165
-0.982391
0.323801
1.03281
-0.314158
-0.599689
1.19456
-0.877651
-0.961638
1.2993
1.16758
1.57726
-1.59606
1.45701
-1.40513
1.60045
-0.605548
1.37596
-0.0436415
0.794397
0.079165
0.216865
1.66185
-1.74853
0.214301
1.61229
-1.88745
0.871059
-1.20847
-0.481765
0.645589
1.02744
1.53331
-1.7694
1.9845
1.71545
1.9574
-0.309763
-1.17563
-0.703574
1.6372
1.202
-0.825404
-0.0277718
1.28245
0.693319
-0.917325
0.109073
0.265206
0.636555
-0.63155
-1.46104
0.215522
-0.239937
-1.01132
-1.03671
-1.68664
-0.325877
-0.338206
-1.41893
1.90075
-0.464675
-1.62706
1.07089
-1.96228
1.87512
-1.61071
-1.95239
1.63158
-1.28257
-0.593707
1.12241
-0.242622
1.11081
1.45274
0.687094
-0.196844
1.19858
-0.821986
1.55284
-0.943083
1.95422
1.14841
-0.43733
-0.633869
-0.29487
-1.22593
1.30784
0.491043
-1.42943
-0.503861
-0.931486
-0.220527
1.93909
0.855068
-0.891446
-0.213813
0.108341
0.0670797
-0.555376
-0.536821
-0.782678
-0.265816
-0.781945
-1.45555
-1.41099
0.31135
-0.206977
-1.2479
1.61425
-0.0438856
-0.293893
-0.553301
-0.701376
0.387158
-0.407056
-0.651204
-0.399976
-0.62569
-0.784509
1.95532
1.67785
0.487869
-1.28306
0.276437
0.183172
0.729209
-1.7727
-1.48241
-1.28733
-1.32933
-0.0536515
-1.66784
1.5504
-0.272897
-1.17319
-0.730918
-1.17478
1.18528
1.98633
1.0405
-1.79321
1.6173
-1.03159
1.23606
-1.73547
1.30039
-1.01767
0.105533
0.617512
-1.72936
1.24241
-1.96094
-0.00347911
-1.36631
-1.46458
1.36534
1.34727
1.75842
0.139348
-1.90356
-0.904874
-1.02121
-1.78234
-0.756432
-0.298288
-1.57128
-0.183294
-0.673421
-1.36705
-1.36631
0.588214
-0.295602
0.86813
-0.513627
-1.63585
0.351634
0.0717185
1.2291
-1.29173
-0.295969
1.55541
0.0698874
-1.43126
0.200507
0.152776
-0.94406
0.157537
-0.855434
-1.86511
-1.1699
1.18125
-1.48814
-1.71191
-1.10544
1.54894
1.32725
1.28196
-1.99182
0.681112
0.237617
-1.54942
0.341624
1.54515
1.90515
1.11472
0.0138554
-0.45735
0.845424
1.56493
-1.36106
0.373486
-1.66356
-1.16355
0.50325
1.00058
0.0224006
0.397656
0.00177007
1.84204
-0.161931
0.875698
1.95727
0.315012
-0.121769
0.94882
1.44639
1.85498
1.83789
-0.473952
-0.240425
-1.46214
-0.352489
-1.65844
-0.881802
-0.571734
0.928556
0.0880764
0.774987
-1.22153
-1.10593
-0.78634
1.12094
-1.79467
-1.6798
-1.4912
-1.57286
0.968352
1.21311
-1.39305
0.843104
-1.52721
-0.205756
1.52342
0.277291
-0.872524
-1.56542
-0.640584
-1.21274
-0.324168
0.155461
1.29478
0.101505
1.13047
-0.673055
1.99463
0.898404
1.43394
0.18598
0.554888
-1.53038
-1.02915
-1.20066
1.11289
1.39073
-0.943449
0.0979644
0.245186
-0.176824
1.5277
-0.394848
0.281808
-1.92322
1.55882
1.48692
1.65734
-1.94702
1.83093
-1.45457
1.42723
0.19599
0.176702
1.78503
-0.926725
-1.42198
-1.17319
1.17148
0.722861
0.741539
-0.616535
1.21348
-1.09323
0.923429
1.6444
0.988006
-1.01791
1.28916
-1.59557
-1.76342
1.34349
1.79772
0.359447
-0.842982
-1.45189
1.32542
-0.766564
1.51463
0.481399
-1.32786
-0.738243
0.699911
-1.31578
0.0756249
1.14743
-1.64403
-1.02817
1.85839
0.620319
-0.798669
1.46495
-1.16794
1.72314
-0.32783
1.16037
-0.913907
-1.05185
-1.98816
0.166326
-0.217963
0.351878
1.42894
0.726402
0.58211
1.76916
-0.0486465
-1.84313
1.33567
0.255806
-1.39915
-1.17527
0.64742
0.882412
1.51231
-1.71215
1.95459
1.00327
-0.376171
0.726035
-0.263863
-1.87109
-0.437819
-1.21567
0.479934
1.52416
1.34825
-1.04294
-0.966765
1.65709
-1.4525
-0.36494
0.960295
1.62609
0.492141
-1.0582
-0.467116
0.68746
-1.80358
-0.515946
1.97974
-1.99048
1.59459
-0.858486
1.61644
-1.22068
1.72192
-0.979583
-1.5139
-1.21604
1.46812
1.69616
1.13034
1.59593
0.524613
-1.13047
0.119449
0.482864
-1.84729
1.56383
1.96496
-0.82992
-0.602985
-0.0167852
-1.96045
-0.420362
0.368725
-1.8374
1.13157
-1.32994
-1.7749
-1.46934
0.254585
-1.49644
1.4691
1.51097
-1.65819
-0.335398
-1.80725
-0.71102
-0.551469
-1.84521
1.8938
0.867275
-1.91504
-0.110538
0.484085
-0.466018
1.31028
0.920621
0.122013
-0.128117
0.206122
-0.488113
1.48692
-0.569658
1.36094
0.190252
0.125797
-1.81323
-1.01547
-0.102359
0.495437
-1.07749
-1.71764
0.371532
-0.67684
-0.363109
-1.28843
0.875332
-0.0855129
1.12595
-0.25483
-0.594195
1.03061
-1.15
1.76916
0.50264
1.96118
-1.78393
0.7369
1.78356
-0.583087
-1.60204
1.20737
1.33189
1.86889
-0.178777
-1.6101
-1.9397
0.956145
0.437086
1.82324
-0.824061
1.59056
-0.089053
-0.689779
-1.12766
-1.61962
0.848598
1.73815
-1.62694
0.00103763
-1.81188
-0.59566
-0.548173
1.13364
1.87976
-1.52355
1.55358
-0.398999
-0.0204474
0.20893
-1.35704
-1.67638
-0.716147
-0.456374
1.90442
1.71984
-1.37449
1.71776
0.417432
-1.82324
-0.0387585
1.50401
1.93554
-1.78198
0.371532
-0.289865
1.88977
-0.0104373
-1.8999
1.55919
-1.25486
-0.308176
-0.241768
-0.420484
-0.166814
-1.41746
1.81677
1.62621
-0.214423
0.174627
1.51268
-1.33909
-0.304636
1.25364
-1.70421
0.91525
1.12888
-1.65856
0.9382
1.05979
-0.885952
1.23045
1.43236
1.00851
0.232002
-0.788659
-1.19456
0.979217
1.93249
-0.375927
1.9707
-0.562456
-0.796838
0.351024
-1.25669
-1.45128
-1.28538
-0.117496
0.146306
-0.237983
-1.43321
-1.42283
-0.871059
0.152532
1.76196
-1.25755
0.825892
-1.85278
1.52965
1.16062
-0.521317
-0.742882
-1.37205
1.68419
-0.852016
-1.55712
0.746178
1.52843
1.33872
1.73949
0.134342
-1.11716
0.664144
-0.239204
-0.415967
-0.53206
-0.324534
-0.284371
-1.11362
1.6632
-0.0211798
0.553056
-0.109684
1.82946
0.766808
1.8684
-1.71117
-0.548173
1.89026
-0.810022
0.256294
-0.271065
-1.40819
0.27546
0.0614643
1.23057
1.03122
-0.961028
0.783654
-1.74792
1.72216
1.73803
-1.74596
1.48924
0.00982696
-1.95825
-1.65014
-1.34312
-1.28794
-0.391797
-0.236518
-1.32054
-1.95044
-1.20688
0.37434
1.07663
1.98999
-1.88232
-0.652425
-1.83251
-1.86938
-0.881436
1.0831
-0.276803
-1.75256
1.20579
1.14206
-0.313181
0.629841
-0.847011
0.274972
-1.40953
1.33189
1.84704
-1.32432
1.29197
-0.538285
0.91818
0.587603
-0.342967
-0.364574
-0.119938
1.38585
-0.188543
0.719199
0.401318
-0.737999
-0.410718
1.98657
0.335398
-0.365795
-0.199286
-0.186224
