0
1
1.22465e-016
-1
-2.44929e-016
1
3.67394e-016
-1
-4.89859e-016
1
6.12323e-016
-1
-7.34788e-016
1
8.57253e-016
-1
-9.79717e-016
1
1.10218e-015
-1
-1.22465e-015
1
4.89983e-015
-1
-1.46958e-015
1
-1.96067e-015
-1
-1.71451e-015
1
5.38968e-015
-1
-1.95943e-015
1
-1.47081e-015
-1
-2.20436e-015
1
5.87954e-015
-1
-2.44929e-015
1
-9.80955e-016
-1
-9.79965e-015
1
6.3694e-015
-1
-2.93915e-015
1
-4.91097e-016
-1
3.92135e-015
1
6.85926e-015
-1
-3.42901e-015
1
-1.23796e-018
-1
-1.07794e-014
1
7.34912e-015
-1
-3.91887e-015
1
4.88621e-016
-1
2.94163e-015
1
7.83898e-015
-1
-4.40873e-015
1
9.78479e-016
-1
-1.17591e-014
1
8.32884e-015
-1
-4.89859e-015
1
1.56792e-014
-1
1.96191e-015
1
8.81869e-015
-1
-1.95993e-014
1
1.9582e-015
-1
-1.27388e-014
1
-4.9023e-015
-1
-5.8783e-015
1
1.66589e-014
-1
9.82193e-016
1
9.79841e-015
-1
7.84269e-015
1
2.93791e-015
-1
-1.37185e-014
1
-3.92258e-015
-1
-6.85802e-015
1
1.76386e-014
-1
2.47592e-018
1
1.07781e-014
-1
-2.15587e-014
1
3.91763e-015
-1
-1.46982e-014
1
-2.94287e-015
-1
-7.83774e-015
1
1.86183e-014
-1
-9.77242e-016
1
1.17578e-014
-1
5.88326e-015
1
4.89735e-015
-1
-1.5678e-014
1
-1.96315e-015
-1
-8.81746e-015
1
1.95981e-014
-1
-1.95696e-015
1
1.27376e-014
-1
-2.35182e-014
1
5.87707e-015
-1
-1.66577e-014
1
-9.83431e-016
-1
-9.79717e-015
1
2.05778e-014
-1
-3.13584e-014
1
-1.47044e-014
-1
3.92382e-015
1
6.85678e-015
-1
-1.76374e-014
1
2.8418e-014
-1
-3.91986e-014
1
-6.86421e-015
-1
-3.91639e-015
1
1.4697e-014
-1
-2.54776e-014
1
3.62582e-014
-1
9.8046e-015
1
9.76004e-016
-1
-1.17566e-014
1
2.25372e-014
-1
-3.33178e-014
1
-1.2745e-014
-1
1.96439e-015
1
8.81622e-015
-1
-1.95968e-014
1
3.03774e-014
-1
1.56854e-014
1
-4.90478e-015
-1
-5.87583e-015
1
1.66564e-014
-1
-2.7437e-014
1
3.82176e-014
-1
7.84517e-015
1
2.93544e-015
-1
-1.3716e-014
1
2.44966e-014
-1
-3.52773e-014
1
-1.07856e-014
-1
4.95185e-018
1
1.07757e-014
-1
-2.15563e-014
1
3.23369e-014
-1
-4.31175e-014
1
-2.94534e-015
-1
-7.83526e-015
1
1.86159e-014
-1
-2.93965e-014
1
4.01771e-014
-1
5.88573e-015
1
4.89487e-015
-1
-1.56755e-014
1
2.64561e-014
-1
-3.72367e-014
1
-8.82612e-015
-1
-1.95448e-015
1
1.27351e-014
-1
-2.35157e-014
1
3.42963e-014
-1
1.17665e-014
1
-9.85907e-016
-1
-9.7947e-015
1
2.05753e-014
-1
-3.13559e-014
1
4.21365e-014
-1
3.9263e-015
1
6.85431e-015
-1
-1.76349e-014
1
2.84155e-014
-1
-3.91961e-014
1
-6.86669e-015
-1
-3.91392e-015
1
1.46945e-014
-1
-2.54751e-014
1
3.62557e-014
-1
-4.70363e-014
1
9.73528e-016
-1
-1.17541e-014
1
2.25347e-014
-1
-3.33153e-014
1
4.4096e-014
-1
1.96686e-015
1
8.81374e-015
-1
-1.95943e-014
1
3.0375e-014
-1
-4.11556e-014
1
5.19362e-014
-1
-6.27168e-014
1
7.34974e-014
-1
2.94089e-014
1
-1.86282e-014
-1
7.84764e-015
1
2.93296e-015
-1
-1.37136e-014
1
2.44942e-014
-1
-3.52748e-014
1
4.60554e-014
-1
-5.6836e-014
1
6.76166e-014
-1
-7.83972e-014
1
-2.4509e-014
-1
1.37284e-014
1
-2.94782e-015
-1
-7.83279e-015
1
1.86134e-014
-1
-2.9394e-014
1
4.01746e-014
-1
-5.09552e-014
1
6.17358e-014
-1
-7.25164e-014
1
-3.03898e-014
-1
1.96092e-014
1
-8.8286e-015
-1
-1.95201e-015
1
1.27326e-014
-1
-2.35132e-014
1
3.42938e-014
-1
-4.50744e-014
1
5.5855e-014
-1
-6.66356e-014
1
7.74162e-014
-1
2.549e-014
1
-1.47094e-014
-1
3.92877e-015
1
6.85183e-015
-1
-1.76324e-014
1
2.8413e-014
-1
-3.91936e-014
1
4.99743e-014
-1
-6.07549e-014
1
7.15355e-014
-1
3.13708e-014
1
-2.05902e-014
-1
9.80955e-015
1
9.71052e-016
-1
-1.17517e-014
1
2.25323e-014
-1
-3.33129e-014
1
4.40935e-014
-1
-5.48741e-014
1
6.56547e-014
-1
-7.64353e-014
1
-2.64709e-014
-1
1.56903e-014
1
-4.90973e-015
-1
-5.87088e-015
1
1.66515e-014
-1
-2.74321e-014
1
3.82127e-014
-1
-4.89933e-014
1
5.97739e-014
-1
-7.05545e-014
1
8.13351e-014
-1
2.15711e-014
1
-1.07905e-014
-1
9.90369e-018
1
1.07707e-014
-1
-2.15513e-014
1
3.23319e-014
-1
-4.31125e-014
1
5.38931e-014
-1
-6.46737e-014
1
7.54543e-014
-1
-8.62349e-014
1
-1.66713e-014
-1
5.89068e-015
1
4.88992e-015
-1
-1.56705e-014
1
2.64511e-014
-1
-3.72317e-014
1
4.80123e-014
-1
-5.8793e-014
1
6.95736e-014
-1
-8.03542e-014
1
-2.25521e-014
-1
1.17715e-014
1
-9.90859e-016
-1
-9.78975e-015
1
2.05704e-014
-1
-3.1351e-014
1
4.21316e-014
-1
-5.29122e-014
1
6.36928e-014
-1
-7.44734e-014
1
8.5254e-014
-1
1.76522e-014
1
-6.87164e-015
-1
-3.90897e-015
1
1.46896e-014
-1
-2.54702e-014
1
3.62508e-014
-1
-4.70314e-014
1
5.7812e-014
-1
-6.85926e-014
1
7.93732e-014
-1
2.3533e-014
1
-1.27524e-014
-1
1.97181e-015
1
8.80879e-015
-1
-1.95894e-014
1
3.037e-014
-1
-4.11506e-014
1
5.19312e-014
-1
-6.27118e-014
1
7.34924e-014
-1
-8.4273e-014
1
-1.86332e-014
-1
7.8526e-015
1
2.92801e-015
-1
-1.37086e-014
1
2.44892e-014
-1
-3.52698e-014
1
4.60504e-014
-1
-5.6831e-014
1
6.76116e-014
-1
-7.83923e-014
1
8.91729e-014
-1
1.37334e-014
1
-2.95277e-015
-1
-7.82784e-015
1
1.86084e-014
-1
-2.9389e-014
1
4.01697e-014
-1
-5.09503e-014
1
6.17309e-014
-1
-7.25115e-014
1
8.32921e-014
-1
-9.40727e-014
1
-8.83355e-015
-1
-1.94706e-015
1
1.27277e-014
-1
-2.35083e-014
1
3.42889e-014
-1
-4.50695e-014
1
5.58501e-014
-1
-6.66307e-014
1
7.74113e-014
-1
-8.81919e-014
1
-1.47143e-014
-1
3.93373e-015
1
6.84688e-015
-1
-1.76275e-014
1
2.84081e-014
-1
-3.91887e-014
1
4.99693e-014
-1
-6.07499e-014
1
7.15305e-014
-1
-8.23111e-014
1
9.30917e-014
-1
-1.03872e-013
1
9.661e-016
-1
-1.25434e-013
1
2.25273e-014
-1
-1.46995e-013
1
4.40885e-014
-1
5.88177e-014
1
6.56497e-014
-1
3.72565e-014
1
8.72109e-014
-1
1.56953e-014
1
1.08772e-013
-1
-5.86593e-015
1
1.30333e-013
-1
-2.74271e-014
1
1.51895e-013
-1
-4.89883e-014
1
-5.39179e-014
-1
-7.05496e-014
1
-3.23567e-014
-1
-9.21108e-014
1
-1.07955e-014
-1
-1.13672e-013
1
1.07658e-014
-1
-1.35233e-013
1
3.2327e-014
-1
-1.56794e-013
1
5.38882e-014
-1
4.90181e-014
1
7.54494e-014
-1
2.74568e-014
1
9.70106e-014
-1
5.89564e-015
1
1.18572e-013
-1
-1.56656e-014
1
1.40133e-013
-1
-3.72268e-014
1
-6.56794e-014
-1
-5.8788e-014
1
-4.41182e-014
-1
-8.03492e-014
1
-2.2557e-014
-1
-1.0191e-013
1
-9.95811e-016
-1
-1.23472e-013
1
2.05654e-014
-1
-1.45033e-013
1
4.21266e-014
-1
6.07796e-014
1
6.36878e-014
-1
3.92184e-014
1
8.5249e-014
-1
1.76572e-014
1
1.0681e-013
-1
-3.90401e-015
1
1.28371e-013
-1
-2.54652e-014
1
1.49933e-013
-1
-4.70264e-014
1
-5.58798e-014
-1
-6.85876e-014
1
-3.43186e-014
-1
-9.01489e-014
1
-1.27574e-014
-1
-1.1171e-013
1
8.80384e-015
-1
-1.33271e-013
1
3.03651e-014
-1
-1.54832e-013
1
5.19263e-014
-1
5.098e-014
1
7.34875e-014
-1
2.94188e-014
1
9.50487e-014
-1
7.85755e-015
1
1.1661e-013
-1
-1.37037e-014
1
1.38171e-013
-1
-3.52649e-014
1
1.59732e-013
-1
-5.68261e-014
1
-4.60801e-014
-1
-7.83873e-014
1
-2.45189e-014
-1
-9.99485e-014
1
-2.95772e-015
-1
-1.2151e-013
1
1.86035e-014
-1
-1.43071e-013
1
4.01647e-014
-1
6.27415e-014
1
6.17259e-014
-1
4.11803e-014
1
8.32871e-014
-1
1.96191e-014
1
1.04848e-013
-1
-1.9421e-015
1
1.2641e-013
-1
-2.35033e-014
1
1.47971e-013
-1
-4.50645e-014
1
-5.78417e-014
-1
-6.66257e-014
1
-3.62805e-014
-1
-8.81869e-014
1
-1.47193e-014
-1
-1.09748e-013
1
6.84193e-015
-1
-1.31309e-013
1
2.84031e-014
-1
-1.52871e-013
1
4.99644e-014
-1
5.29419e-014
1
7.15256e-014
-1
3.13807e-014
1
9.30868e-014
-1
9.81946e-015
1
1.14648e-013
-1
-1.17418e-014
1
1.36209e-013
-1
-3.3303e-014
1
1.5777e-013
-1
-5.48642e-014
1
-4.80421e-014
-1
-7.64254e-014
1
-2.64808e-014
-1
-9.79866e-014
1
-4.91963e-015
-1
-1.19548e-013
1
1.66416e-014
-1
-1.41109e-013
1
3.82028e-014
-1
-1.6267e-013
1
5.9764e-014
-1
4.31422e-014
1
8.13252e-014
-1
2.1581e-014
1
1.02886e-013
-1
1.98074e-017
1
1.24448e-013
-1
-2.15414e-014
1
1.46009e-013
-1
-4.31026e-014
1
1.6757e-013
-1
-6.46638e-014
1
-3.82424e-014
-1
-8.6225e-014
1
-1.66812e-014
-1
-1.07786e-013
1
4.88002e-015
-1
-1.29347e-013
1
2.64412e-014
-1
-1.50909e-013
1
4.80024e-014
-1
-1.7247e-013
1
6.95637e-014
-1
3.33426e-014
1
9.11249e-014
-1
1.17814e-014
1
1.12686e-013
-1
-9.77984e-015
1
1.34247e-013
-1
-3.13411e-014
1
1.55808e-013
-1
-5.29023e-014
1
-5.0004e-014
-1
-7.44635e-014
1
-2.84428e-014
-1
-9.60247e-014
1
-6.88154e-015
-1
-1.17586e-013
1
1.46797e-014
-1
-1.39147e-013
1
3.62409e-014
-1
