 0.0790029
 0.0101235
 0.376886
 0.589669
 0.639484
 0.68304
 0.736333
 0.784996
 0.811785
 0.815981
 0.799813
 0.76504
 0.712296
 0.642696
 0.557969
 0.460345
 0.352271
 0.236315
 0.115028
 -0.00959462
 -0.138243
 -0.279966
 -0.419882
 -0.402325
 -0.537641
 -0.702547
 -0.728
 -0.760613
 -0.780587
 -0.791441
 -0.779688
 -0.74749
 -0.696215
 -0.628311
 -0.545295
 -0.449197
 -0.342343
 -0.227316
 -0.106686
 0.0174967
 0.145618
 0.286076
 0.441609
 0.501621
 0.483319
 0.68082
 0.731171
 0.772212
 0.786558
 0.794462
 0.781842
 0.749751
 0.69809
 0.629603
 0.546012
 0.44949
 0.342328
 0.22706
 0.106054
 -0.0194444
 -0.152537
 -0.301203
 -0.398173
 -0.362024
 -0.627476
 -0.680437
 -0.730885
 -0.758039
 -0.786868
 -0.795173
 -0.783044
 -0.749905
 -0.698634
 -0.63055
 -0.547375
 -0.451073
 -0.344062
 -0.228913
 -0.108218
 0.0158928
 0.143473
 0.282279
 0.438685
 0.508731
 0.482513
 0.675363
 0.731111
 0.771933
 0.786324
 0.793781
 0.781266
 0.749257
 0.69768
 0.62922
 0.54566
 0.449165
 0.342031
 0.226782
 0.105778
 -0.0197637
 -0.153025
 -0.301783
 -0.397011
 -0.361812
 -0.629351
 -0.680066
 -0.730904
 -0.758025
 -0.787033
 -0.795288
 -0.783141
 -0.74998
 -0.698706
 -0.630618
 -0.547437
 -0.451129
 -0.344113
 -0.228961
 -0.108263
 0.0158453
 0.14341
 0.282168
 0.43859
 0.508937
 0.482514
 0.675183
 0.731112
 0.771924
 0.786319
 0.79376
 0.781249
 0.749242
 0.697667
 0.629209
 0.545649
 0.449156
 0.342022
 0.226773
 0.10577
 -0.0197733
 -0.15304
 -0.3018
 -0.396975
 -0.361807
 -0.629407
 -0.680055
 -0.730905
 -0.758025
 -0.787038
 -0.795292
 -0.783144
 -0.749982
 -0.698708
 -0.63062
 -0.547439
 -0.451131
 -0.344115
 -0.228962
 -0.108265
 0.0158438
 0.143409
 0.282164
 0.438587
 0.508943
 0.482514
 0.675177
 0.731112
 0.771923
 0.786319
 0.79376
 0.781248
 0.749241
 0.697667
 0.629208
 0.545649
 0.449155
 0.342022
 0.226773
 0.105769
 -0.0197736
 -0.15304
 -0.301801
 -0.396974
 -0.361807
 -0.629408
 -0.680055
 -0.730905
 -0.758025
 -0.787038
 -0.795292
 -0.783144
 -0.749982
 -0.698708
 -0.63062
 -0.547439
 -0.451131
 -0.344115
 -0.228962
 -0.108265
 0.0158438
 0.143409
 0.282164
 0.438587
 0.508943
 0.482514
 0.675177
 0.731112
 0.771923
 0.786319
 0.79376
 0.781248
 0.749241
 0.697667
 0.629208
 0.545649
 0.449155
 0.342022
 0.226773
 0.105769
 -0.0197736
 -0.15304
 -0.301801
 -0.396974
 -0.361807
 -0.629408
 -0.680055
 -0.730905
 -0.758025
 -0.787038
 -0.795292
 -0.783144
 -0.749982
 -0.698708
 -0.63062
 -0.547439
 -0.451131
 -0.344115
 -0.228962
 -0.108265
 0.0158438
 0.143409
 0.282164
 0.438587
 0.508943
 0.482514
 0.675177
 0.731112
 0.771923
 0.786319
 0.79376
 0.781248
 0.749241
 0.697667
 0.629208
 0.545649
 0.449155
 0.342022
 0.226773
 0.105769
 -0.0197736
 -0.15304
 -0.301801
 -0.396974
 -0.361807
 -0.629408
 -0.680055
 -0.730905
 -0.758025
 -0.787038
 -0.795292
 -0.783144
 -0.749982
 -0.698708
 -0.63062
 -0.547439
 -0.451131
 -0.344115
 -0.228962
 -0.108265
 0.0158438
 0.143409
 0.282164
 0.438587
 0.508943
 0.482514
 0.675177
 0.731112
 0.771923
 0.786319
 0.79376
 0.781248
 0.749241
 0.697667
 0.629208
 0.545649
 0.449155
 0.342022
 0.226773
 0.105769
 -0.0197736
 -0.15304
 -0.301801
 -0.396974
 -0.361807
 -0.629408
 -0.680055
 -0.730905
 -0.758025
 -0.787038
 -0.795292
 -0.783144
 -0.749982
 -0.698708
 -0.63062
 -0.547439
 -0.451131
 -0.344115
 -0.228962
 -0.108265
 0.0158438
 0.143409
 0.282164
 0.438587
 0.508943
 0.482514
 0.675177
 0.731112
 0.771923
 0.786319
 0.79376
 0.781248
 0.749241
 0.697667
 0.629208
 0.545649
 0.449155
 0.342022
 0.226773
 0.105769
 -0.0197736
 -0.15304
 -0.301801
 -0.396974
 -0.361807
 -0.629408
 -0.680055
 -0.730905
 -0.758025
 -0.787038
 -0.795292
 -0.783144
 -0.749982
 -0.698708
 -0.63062
 -0.547439
 -0.451131
 -0.344115
 -0.228962
 -0.108265
 0.0158438
 0.143409
 0.282164
 0.438587
 0.508943
 0.482514
 0.675177
 0.731112
 0.771923
 0.786319
 0.79376
 0.781248
 0.749241
 0.697667
 0.629208
 0.545649
 0.449155
 0.342022
 0.226773
 0.105769
 -0.0197736
 -0.15304
 -0.301801
 -0.396974
 -0.361807
 -0.629408
 -0.680055
 -0.730905
 -0.758025
 -0.787038
 -0.795292
 -0.783144
 -0.749982
 -0.698708
 -0.63062
 -0.547439
 -0.451131
 -0.344115
 -0.228962
 -0.108265
 0.0158438
 0.143409
 0.282164
 0.438587
 0.508943
 0.482514
 0.675177
 0.731112
 0.771923
 0.786319
 0.79376
 0.781248
 0.749241
 0.697667
 0.629208
 0.545649
 0.449155
 0.342022
 0.226773
 0.105769
 -0.0197736
 -0.15304
 -0.301801
 -0.396974
 -0.361807
 -0.629408
 -0.680055
 -0.730905
 -0.758025
 -0.787038
 -0.795292
 -0.783144
 -0.749982
 -0.698708
 -0.63062
 -0.547439
 -0.451131
 -0.344115
 -0.228962
 -0.108265
 0.0158438
 0.143409
 0.282164
 0.438587
 0.508943
 0.482514
 0.675177
 0.731112
 0.771923
 0.786319
 0.79376
 0.781248
 0.749241
 0.697667
 0.629208
 0.545649
 0.449155
 0.342022
 0.226773
 0.105769
 -0.0197736
 -0.15304
 -0.301801
 -0.396974
 -0.361807
 -0.629408
 -0.680055
 -0.730905
 -0.758025
 -0.787038
 -0.795292
 -0.783144
 -0.749982
 -0.698708
 -0.63062
 -0.547439
 -0.451131
 -0.344115
 -0.228962
 -0.108265
 0.0158438
 0.143409
 0.282164
 0.438587
 0.508943
 0.482514
 0.675177
 0.731112
 0.771923
 0.786319
 0.79376
 0.781248
 0.749241
 0.697667
 0.629208
 0.545649
 0.449155
 0.342022
 0.226773
 0.105769
 -0.0197736
 -0.15304
 -0.301801
 -0.396974
 -0.361807
 -0.629408
 -0.680055
 -0.730905
 -0.758025
 -0.787038
 -0.795292
 -0.783144
 -0.749982
 -0.698708
 -0.63062
 -0.547439
 -0.451131
 -0.344115
 -0.228962
 -0.108265
 0.0158438
 0.143409
 0.282164
 0.438587
 0.508943
 0.482514
 0.675177
 0.731112
 0.771923
 0.786319
 0.79376
 0.781248
 0.749241
 0.697667
 0.629208
 0.545649
 0.449155
 0.342022
 0.226773
 0.105769
 -0.0197736
 -0.15304
 -0.301801
 -0.396974
 -0.361807
 -0.629408
 -0.680055
 -0.730905
 -0.758025
 -0.787038
 -0.795292
 -0.783144
 -0.749982
 -0.698708
 -0.63062
 -0.547439
 -0.451131
 -0.344115
 -0.228962
 -0.108265
 0.0158438
 0.143409
 0.282164
 0.438587
 0.508943
 0.482514
 0.675177
 0.731112
 0.771923
 0.786319
 0.79376
 0.781248
 0.749241
 0.697667
 0.629208
 0.545649
 0.449155
 0.342022
 0.226773
 0.105769
 -0.0197736
 -0.15304
 -0.301801
 -0.396974
 -0.361807
 -0.629408
 -0.680055
 -0.730905
 -0.758025
 -0.787038
 -0.795292
 -0.783144
 -0.749982
 -0.698708
 -0.63062
 -0.547439
 -0.451131
 -0.344115
 -0.228962
 -0.108265
 0.0158438
 0.143409
 0.282164
 0.438587
 0.508943
 0.482514
 0.675177
 0.731112
 0.771923
 0.786319
 0.79376
 0.781248
 0.749241
 0.697667
 0.629208
 0.545649
 0.449155
 0.342022
 0.226773
 0.105769
 -0.0197736
 -0.15304
 -0.301801
 -0.396974
 -0.361807
 -0.629408
 -0.680055
 -0.730905
 -0.758025
 -0.787038
 -0.795292
 -0.783144
 -0.749982
 -0.698708
 -0.63062
 -0.547439
 -0.451131
 -0.344115
 -0.228962
 -0.108265
 0.0158438
 0.143409
 0.282164
 0.438587
 0.508943
 0.482514
 0.675177
 0.731112
 0.771923
 0.786319
 0.79376
 0.781248
 0.749241
 0.697667
 0.629208
 0.545649
 0.449155
 0.342022
 0.226773
 0.105769
 -0.0197736
 -0.15304
 -0.301801
 -0.396974
 -0.361807
 -0.629408
 -0.680055
 -0.730905
 -0.758025
 -0.787038
 -0.795292
 -0.783144
 -0.749982
 -0.698708
 -0.63062
 -0.547439
 -0.451131
 -0.344115
 -0.228962
 -0.108265
 0.0158438
 0.143409
 0.282164
 0.438587
 0.508943
 0.482514
 0.675177
 0.731112
 0.771923
 0.786319
 0.79376
 0.781248
 0.749241
 0.697667
 0.629208
 0.545649
 0.449155
 0.342022
 0.226773
 0.105769
 -0.0197736
 -0.15304
 -0.301801
 -0.396974
 -0.361807
 -0.629408
 -0.680055
 -0.730905
 -0.758025
 -0.787038
 -0.795292
 -0.783144
 -0.749982
 -0.698708
 -0.63062
 -0.547439
 -0.451131
 -0.344115
 -0.228962
 -0.108265
 0.0158438
 0.143409
 0.282164
 0.438587
 0.508943
 0.482514
 0.675177
 0.731112
 0.771923
 0.786319
 0.79376
 0.781248
 0.749241
 0.697667
 0.629208
 0.545649
 0.449155
 0.342022
 0.226773
 0.105769
 -0.0197736
 -0.15304
 -0.301801
 -0.396974
 -0.361807
 -0.629408
 -0.680055
 -0.730905
 -0.758025
 -0.787038
 -0.795292
 -0.783144
 -0.749982
 -0.698708
 -0.63062
 -0.547439
 -0.451131
 -0.344115
 -0.228962
 -0.108265
 0.0158438
 0.143409
 0.282164
 0.438587
 0.508943
 0.482514
 0.675177
 0.731112
 0.771923
 0.786319
 0.79376
 0.781248
 0.749241
 0.697667
 0.629208
 0.545649
 0.449155
 0.342022
 0.226773
 0.105769
 -0.0197736
 -0.15304
 -0.301801
 -0.396974
 -0.361807
 -0.629408
 -0.680055
 -0.730905
 -0.758025
 -0.787038
 -0.795292
 -0.783144
 -0.749982
 -0.698708
 -0.63062
 -0.547439
 -0.451131
 -0.344115
 -0.228962
 -0.108265
 0.0158438
 0.143409
 0.282164
 0.438587
 0.508943
 0.482514
 0.675177
 0.731112
 0.771923
 0.786319
 0.79376
 0.781248
 0.749241
 0.697667
 0.629208
 0.545649
 0.449155
 0.342022
 0.226773
 0.105769
 -0.0197736
 -0.15304
 -0.301801
 -0.396974
 -0.361807
 -0.629408
 -0.680055
 -0.730905
 -0.758025
 -0.787038
 -0.795292
 -0.783144
 -0.749982
 -0.698708
 -0.63062
 -0.547439
 -0.451131
 -0.344115
 -0.228962
 -0.108265
 0.0158438
 0.143409
 0.282164
 0.438587
 0.508943
 0.482514
 0.675177
 0.731112
 0.771923
 0.786319
 0.79376
 0.781248
 0.749241
 0.697667
 0.629208
 0.545649
 0.449155
 0.342022
 0.226773
 0.105769
 -0.0197736
 -0.15304
 -0.301801
 -0.396974
 -0.361807
 -0.629408
 -0.680055
 -0.730905
 -0.758025
 -0.787038
 -0.795292
 -0.783144
 -0.749982
 -0.698708
 -0.63062
 -0.547439
 -0.451131
 -0.344115
 -0.228962
 -0.108265
 0.0158438
 0.143409
 0.282164
 0.438587
 0.508943
 0.482514
 0.675177
 0.731112
 0.771923
 0.786319
 0.79376
 0.781248
 0.749241
 0.697667
 0.629208
 0.545649
 0.449155
 0.342022
 0.226773
 0.105769
 -0.0197736
 -0.15304
 -0.301801
 -0.396974
 -0.361807
 -0.629408
 -0.680055
 -0.730905
 -0.758025
 -0.787038
 -0.795292
 -0.783144
 -0.749982
 -0.698708
 -0.63062
 -0.547439
 -0.451131
 -0.344115
 -0.228962
 -0.108265
 0.0158438
 0.143409
 0.282164
 0.438587
 0.508943
 0.482514
 0.675177
 0.731112
 0.771923
 0.786319
 0.79376
 0.781248
 0.749241
 0.697667
 0.629208
 0.545649
 0.449155
 0.342022
 0.226773
 0.105769
 -0.0197736
 -0.15304
 -0.301801
 -0.396974
 -0.361807
 -0.629408
 -0.680055
 -0.730905
 -0.758025
 -0.787038
 -0.795292
 -0.783144
 -0.749982
 -0.698708
 -0.63062
 -0.547439
 -0.451131
 -0.344115
 -0.228962
 -0.108265
 0.0158438
 0.143409
 0.282164
 0.438587
 0.508943
 0.482514
 0.675177
 0.731112
 0.771923
 0.786319
 0.79376
 0.781248
 0.749241
 0.697667
 0.629208
 0.545649
 0.449155
 0.342022
 0.226773
 0.105769
 -0.0197736
 -0.15304
 -0.301801
 -0.396974
 -0.361807
 -0.629408
 -0.680055
 -0.730905
 -0.758025
 -0.787038
 -0.795292
 -0.783144
 -0.749982
 -0.698708
 -0.63062
 -0.547439
 -0.451131
 -0.344115
 -0.228962
 -0.108265
 0.0158438
