 0.0237009
 0.0219978
 0.131375
 0.280765
 0.418567
 0.537802
 0.641027
 0.731165
 0.805686
 0.861711
 0.897268
 0.911486
 0.904063
 0.875207
 0.82564
 0.756632
 0.669931
 0.567686
 0.45233
 0.326337
 0.191384
 0.0459862
 -0.10672
 -0.217691
 -0.340571
 -0.480053
 -0.594731
 -0.691442
 -0.767538
 -0.82588
 -0.8643
 -0.881619
 -0.877049
 -0.850844
 -0.803757
 -0.737055
 -0.652443
 -0.552031
 -0.43823
 -0.313512
 -0.179649
 -0.0354256
 0.121086
 0.258417
 0.356502
 0.486407
 0.598021
 0.696457
 0.773207
 0.831318
 0.869079
 0.88583
 0.880711
 0.853934
 0.806244
 0.738955
 0.653806
 0.55292
 0.438656
 0.313199
 0.177274
 0.0289508
 -0.113277
 -0.210291
 -0.360492
 -0.488665
 -0.603787
 -0.696648
 -0.77304
 -0.83096
 -0.869175
 -0.885999
 -0.881039
 -0.854473
 -0.807077
 -0.740087
 -0.655214
 -0.554571
 -0.440579
 -0.315743
 -0.181958
 -0.0383041
 0.118003
 0.258172
 0.356192
 0.484752
 0.596677
 0.69525
 0.772263
 0.830435
 0.868259
 0.885067
 0.880018
 0.853303
 0.80567
 0.738431
 0.653327
 0.552481
 0.438246
 0.312797
 0.176827
 0.0284376
 -0.113322
 -0.210245
 -0.360979
 -0.488941
 -0.604036
 -0.696812
 -0.773204
 -0.831114
 -0.86932
 -0.886131
 -0.881158
 -0.854582
 -0.807177
 -0.740178
 -0.655297
 -0.554647
 -0.440649
 -0.315809
 -0.182027
 -0.0383891
 0.11791
 0.258161
 0.356187
 0.484701
 0.596637
 0.695213
 0.772235
 0.830409
 0.868235
 0.885045
 0.879997
 0.853284
 0.805652
 0.738415
 0.653312
 0.552467
 0.438234
 0.312785
 0.176813
 0.0284222
 -0.113323
 -0.210244
 -0.360994
 -0.488949
 -0.604043
 -0.696817
 -0.773209
 -0.831118
 -0.869324
 -0.886135
 -0.881162
 -0.854585
 -0.80718
 -0.740181
 -0.655299
 -0.55465
 -0.440651
 -0.315811
 -0.182029
 -0.0383917
 0.117907
 0.258161
 0.356187
 0.4847
 0.596636
 0.695212
 0.772234
 0.830408
 0.868234
 0.885044
 0.879996
 0.853284
 0.805652
 0.738414
 0.653312
 0.552467
 0.438233
 0.312785
 0.176813
 0.0284217
 -0.113323
 -0.210244
 -0.360994
 -0.488949
 -0.604043
 -0.696817
 -0.773209
 -0.831119
 -0.869325
 -0.886135
 -0.881162
 -0.854585
 -0.80718
 -0.740181
 -0.6553
 -0.55465
 -0.440652
 -0.315811
 -0.182029
 -0.0383918
 0.117907
 0.258161
 0.356187
 0.4847
 0.596636
 0.695212
 0.772234
 0.830408
 0.868234
 0.885044
 0.879996
 0.853284
 0.805652
 0.738414
 0.653312
 0.552467
 0.438233
 0.312785
 0.176813
 0.0284217
 -0.113323
 -0.210244
 -0.360994
 -0.488949
 -0.604043
 -0.696817
 -0.773209
 -0.831119
 -0.869325
 -0.886135
 -0.881162
 -0.854585
 -0.80718
 -0.740181
 -0.6553
 -0.55465
 -0.440652
 -0.315811
 -0.182029
 -0.0383918
 0.117907
 0.258161
 0.356187
 0.4847
 0.596636
 0.695212
 0.772234
 0.830408
 0.868234
 0.885044
 0.879996
 0.853284
 0.805652
 0.738414
 0.653312
 0.552467
 0.438233
 0.312785
 0.176813
 0.0284217
 -0.113323
 -0.210244
 -0.360994
 -0.488949
 -0.604043
 -0.696817
 -0.773209
 -0.831119
 -0.869325
 -0.886135
 -0.881162
 -0.854585
 -0.80718
 -0.740181
 -0.6553
 -0.55465
 -0.440652
 -0.315811
 -0.182029
 -0.0383918
 0.117907
 0.258161
 0.356187
 0.4847
 0.596636
 0.695212
 0.772234
 0.830408
 0.868234
 0.885044
 0.879996
 0.853284
 0.805652
 0.738414
 0.653312
 0.552467
 0.438233
 0.312785
 0.176813
 0.0284217
 -0.113323
 -0.210244
 -0.360994
 -0.488949
 -0.604043
 -0.696817
 -0.773209
 -0.831119
 -0.869325
 -0.886135
 -0.881162
 -0.854585
 -0.80718
 -0.740181
 -0.6553
 -0.55465
 -0.440652
 -0.315811
 -0.182029
 -0.0383918
 0.117907
 0.258161
 0.356187
 0.4847
 0.596636
 0.695212
 0.772234
 0.830408
 0.868234
 0.885044
 0.879996
 0.853284
 0.805652
 0.738414
 0.653312
 0.552467
 0.438233
 0.312785
 0.176813
 0.0284217
 -0.113323
 -0.210244
 -0.360994
 -0.488949
 -0.604043
 -0.696817
 -0.773209
 -0.831119
 -0.869325
 -0.886135
 -0.881162
 -0.854585
 -0.80718
 -0.740181
 -0.6553
 -0.55465
 -0.440652
 -0.315811
 -0.182029
 -0.0383918
 0.117907
 0.258161
 0.356187
 0.4847
 0.596636
 0.695212
 0.772234
 0.830408
 0.868234
 0.885044
 0.879996
 0.853284
 0.805652
 0.738414
 0.653312
 0.552467
 0.438233
 0.312785
 0.176813
 0.0284217
 -0.113323
 -0.210244
 -0.360994
 -0.488949
 -0.604043
 -0.696817
 -0.773209
 -0.831119
 -0.869325
 -0.886135
 -0.881162
 -0.854585
 -0.80718
 -0.740181
 -0.6553
 -0.55465
 -0.440652
 -0.315811
 -0.182029
 -0.0383918
 0.117907
 0.258161
 0.356187
 0.4847
 0.596636
 0.695212
 0.772234
 0.830408
 0.868234
 0.885044
 0.879996
 0.853284
 0.805652
 0.738414
 0.653312
 0.552467
 0.438233
 0.312785
 0.176813
 0.0284217
 -0.113323
 -0.210244
 -0.360994
 -0.488949
 -0.604043
 -0.696817
 -0.773209
 -0.831119
 -0.869325
 -0.886135
 -0.881162
 -0.854585
 -0.80718
 -0.740181
 -0.6553
 -0.55465
 -0.440652
 -0.315811
 -0.182029
 -0.0383918
 0.117907
 0.258161
 0.356187
 0.4847
 0.596636
 0.695212
 0.772234
 0.830408
 0.868234
 0.885044
 0.879996
 0.853284
 0.805652
 0.738414
 0.653312
 0.552467
 0.438233
 0.312785
 0.176813
 0.0284217
 -0.113323
 -0.210244
 -0.360994
 -0.488949
 -0.604043
 -0.696817
 -0.773209
 -0.831119
 -0.869325
 -0.886135
 -0.881162
 -0.854585
 -0.80718
 -0.740181
 -0.6553
 -0.55465
 -0.440652
 -0.315811
 -0.182029
 -0.0383918
 0.117907
 0.258161
 0.356187
 0.4847
 0.596636
 0.695212
 0.772234
 0.830408
 0.868234
 0.885044
 0.879996
 0.853284
 0.805652
 0.738414
 0.653312
 0.552467
 0.438233
 0.312785
 0.176813
 0.0284217
 -0.113323
 -0.210244
 -0.360994
 -0.488949
 -0.604043
 -0.696817
 -0.773209
 -0.831119
 -0.869325
 -0.886135
 -0.881162
 -0.854585
 -0.80718
 -0.740181
 -0.6553
 -0.55465
 -0.440652
 -0.315811
 -0.182029
 -0.0383918
 0.117907
 0.258161
 0.356187
 0.4847
 0.596636
 0.695212
 0.772234
 0.830408
 0.868234
 0.885044
 0.879996
 0.853284
 0.805652
 0.738414
 0.653312
 0.552467
 0.438233
 0.312785
 0.176813
 0.0284217
 -0.113323
 -0.210244
 -0.360994
 -0.488949
 -0.604043
 -0.696817
 -0.773209
 -0.831119
 -0.869325
 -0.886135
 -0.881162
 -0.854585
 -0.80718
 -0.740181
 -0.6553
 -0.55465
 -0.440652
 -0.315811
 -0.182029
 -0.0383918
 0.117907
 0.258161
 0.356187
 0.4847
 0.596636
 0.695212
 0.772234
 0.830408
 0.868234
 0.885044
 0.879996
 0.853284
 0.805652
 0.738414
 0.653312
 0.552467
 0.438233
 0.312785
 0.176813
 0.0284217
 -0.113323
 -0.210244
 -0.360994
 -0.488949
 -0.604043
 -0.696817
 -0.773209
 -0.831119
 -0.869325
 -0.886135
 -0.881162
 -0.854585
 -0.80718
 -0.740181
 -0.6553
 -0.55465
 -0.440652
 -0.315811
 -0.182029
 -0.0383918
 0.117907
 0.258161
 0.356187
 0.4847
 0.596636
 0.695212
 0.772234
 0.830408
 0.868234
 0.885044
 0.879996
 0.853284
 0.805652
 0.738414
 0.653312
 0.552467
 0.438233
 0.312785
 0.176813
 0.0284217
 -0.113323
 -0.210244
 -0.360994
 -0.488949
 -0.604043
 -0.696817
 -0.773209
 -0.831119
 -0.869325
 -0.886135
 -0.881162
 -0.854585
 -0.80718
 -0.740181
 -0.6553
 -0.55465
 -0.440652
 -0.315811
 -0.182029
 -0.0383918
 0.117907
 0.258161
 0.356187
 0.4847
 0.596636
 0.695212
 0.772234
 0.830408
 0.868234
 0.885044
 0.879996
 0.853284
 0.805652
 0.738414
 0.653312
 0.552467
 0.438233
 0.312785
 0.176813
 0.0284217
 -0.113323
 -0.210244
 -0.360994
 -0.488949
 -0.604043
 -0.696817
 -0.773209
 -0.831119
 -0.869325
 -0.886135
 -0.881162
 -0.854585
 -0.80718
 -0.740181
 -0.6553
 -0.55465
 -0.440652
 -0.315811
 -0.182029
 -0.0383918
 0.117907
 0.258161
 0.356187
 0.4847
 0.596636
 0.695212
 0.772234
 0.830408
 0.868234
 0.885044
 0.879996
 0.853284
 0.805652
 0.738414
 0.653312
 0.552467
 0.438233
 0.312785
 0.176813
 0.0284217
 -0.113323
 -0.210244
 -0.360994
 -0.488949
 -0.604043
 -0.696817
 -0.773209
 -0.831119
 -0.869325
 -0.886135
 -0.881162
 -0.854585
 -0.80718
 -0.740181
 -0.6553
 -0.55465
 -0.440652
 -0.315811
 -0.182029
 -0.0383918
 0.117907
 0.258161
 0.356187
 0.4847
 0.596636
 0.695212
 0.772234
 0.830408
 0.868234
 0.885044
 0.879996
 0.853284
 0.805652
 0.738414
 0.653312
 0.552467
 0.438233
 0.312785
 0.176813
 0.0284217
 -0.113323
 -0.210244
 -0.360994
 -0.488949
 -0.604043
 -0.696817
 -0.773209
 -0.831119
 -0.869325
 -0.886135
 -0.881162
 -0.854585
 -0.80718
 -0.740181
 -0.6553
 -0.55465
 -0.440652
 -0.315811
 -0.182029
 -0.0383918
 0.117907
 0.258161
 0.356187
 0.4847
 0.596636
 0.695212
 0.772234
 0.830408
 0.868234
 0.885044
 0.879996
 0.853284
 0.805652
 0.738414
 0.653312
 0.552467
 0.438233
 0.312785
 0.176813
 0.0284217
 -0.113323
 -0.210244
 -0.360994
 -0.488949
 -0.604043
 -0.696817
 -0.773209
 -0.831119
 -0.869325
 -0.886135
 -0.881162
 -0.854585
 -0.80718
 -0.740181
 -0.6553
 -0.55465
 -0.440652
 -0.315811
 -0.182029
 -0.0383918
 0.117907
 0.258161
 0.356187
 0.4847
 0.596636
 0.695212
 0.772234
 0.830408
 0.868234
 0.885044
 0.879996
 0.853284
 0.805652
 0.738414
 0.653312
 0.552467
 0.438233
 0.312785
 0.176813
 0.0284217
 -0.113323
 -0.210244
 -0.360994
 -0.488949
 -0.604043
 -0.696817
 -0.773209
 -0.831119
 -0.869325
 -0.886135
 -0.881162
 -0.854585
 -0.80718
 -0.740181
 -0.6553
 -0.55465
 -0.440652
 -0.315811
 -0.182029
 -0.0383918
 0.117907
 0.258161
 0.356187
 0.4847
 0.596636
 0.695212
 0.772234
 0.830408
 0.868234
 0.885044
 0.879996
 0.853284
 0.805652
 0.738414
 0.653312
 0.552467
 0.438233
 0.312785
 0.176813
 0.0284217
 -0.113323
 -0.210244
 -0.360994
 -0.488949
 -0.604043
 -0.696817
 -0.773209
 -0.831119
 -0.869325
 -0.886135
 -0.881162
 -0.854585
 -0.80718
 -0.740181
 -0.6553
 -0.55465
 -0.440652
 -0.315811
 -0.182029
 -0.0383918
 0.117907
 0.258161
 0.356187
 0.4847
 0.596636
 0.695212
 0.772234
 0.830408
 0.868234
 0.885044
 0.879996
 0.853284
 0.805652
 0.738414
 0.653312
 0.552467
 0.438233
 0.312785
 0.176813
 0.0284217
 -0.113323
 -0.210244
 -0.360994
 -0.488949
 -0.604043
 -0.696817
 -0.773209
 -0.831119
 -0.869325
 -0.886135
 -0.881162
 -0.854585
 -0.80718
 -0.740181
 -0.6553
 -0.55465
 -0.440652
 -0.315811
 -0.182029
 -0.0383918
 0.117907
 0.258161
 0.356187
 0.4847
 0.596636
 0.695212
 0.772234
 0.830408
 0.868234
 0.885044
 0.879996
 0.853284
 0.805652
 0.738414
 0.653312
 0.552467
 0.438233
 0.312785
 0.176813
 0.0284217
 -0.113323
 -0.210244
 -0.360994
 -0.488949
 -0.604043
 -0.696817
 -0.773209
 -0.831119
 -0.869325
 -0.886135
 -0.881162
 -0.854585
 -0.80718
 -0.740181
 -0.6553
 -0.55465
 -0.440652
 -0.315811
 -0.182029
 -0.0383918
 0.117907
 0.258161
 0.356187
 0.4847
 0.596636
 0.695212
 0.772234
 0.830408
 0.868234
 0.885044
 0.879996
 0.853284
 0.805652
 0.738414
 0.653312
 0.552467
 0.438233
 0.312785
 0.176813
 0.0284217
 -0.113323
 -0.210244
 -0.360994
 -0.488949
 -0.604043
 -0.696817
 -0.773209
 -0.831119
 -0.869325
 -0.886135
 -0.881162
 -0.854585
 -0.80718
 -0.740181
 -0.6553
 -0.55465
 -0.440652
 -0.315811
