 0.038159
 -0.20514
 2.48852
 -1.30946
 -0.53669
 0.509037
 1.41957
 -2.55747
 -0.54159
 2.02713
 2.29643
 -5.14238
 2.87297
 0.0271645
 2.43572
 -4.60366
 3.14434
 -3.2409
 4.27766
 -3.55366
 3.77752
 -3.88801
 2.82392
 -1.76647
 -0.959275
 0.654471
 3.58183
 -4.50758
 4.6773
 -5.01859
 1.2156
 -1.11596
 3.64226
 -1.96453
 3.28529
 -3.06677
 -2.78928
 3.50647
 -0.173801
 3.11871
 -2.12162
 -1.0712
 -0.828801
 2.57391
 -1.35922
 1.7149
 -4.46188
 0.224453
 2.80797
 0.317085
 0.931673
 -1.87922
 -1.7169
 -1.60406
 0.291472
 4.9315
 -2.732
 -1.01022
 -1.0006
 2.49972
 -2.89006
 4.79545
 0.0970821
 -3.06795
 3.02524
 -0.653011
 -2.02132
 1.32694
 -2.21493
 -1.31326
 2.38705
 -3.16762
 5.0101
 -1.8644
 -0.928004
 0.386573
 -2.6048
 3.12538
 -3.87599
 1.49071
 2.31118
 -0.132121
 -0.761053
 0.191177
 0.84045
 -1.89686
 -2.5176
 4.59381
 -0.731348
 1.58165
 -5.01367
 0.332855
 0.389002
 4.22341
 -2.30799
 -3.65687
 5.11587
 0.87305
 -3.62726
 2.31198
 -1.70075
 -0.400738
 -1.57192
 4.596
 -1.46613
 1.95525
 -2.50233
 3.03093
 -2.4452
 1.1891
 -1.93813
 2.60192
 -0.616217
 0.819008
 0.125423
 0.313386
 2.02732
 -3.42656
 2.11706
 0.363952
 2.196
 -1.38988
 -1.21913
 1.23054
 -2.68201
 4.9035
 -3.48942
 2.31933
 -3.94938
 5.1882
 -2.25543
 1.9835
 -4.00483
 -1.38235
 2.16548
 -0.781355
 -0.958529
 4.44485
 -0.292497
 -5.08825
 -0.334291
 4.19949
 1.08809
 -2.21311
 1.60262
 -1.01297
 0.191398
 0.146005
 -1.29967
 -0.826275
 3.68339
 -1.09479
 0.931754
 -1.71176
 3.81186
 -1.95361
 2.70015
 -1.42407
 -2.80268
 -0.135111
 0.130157
 3.18355
 -2.42598
 3.11382
 -3.16204
 3.77479
 -5.82371
 4.11943
 -3.96019
 0.170057
 5.07101
 -5.59125
 4.83577
 -1.22717
 -2.83018
 0.870244
 -0.501294
 3.82327
 -1.44948
 -4.14392
 0.382661
 -0.832233
 4.85799
 0.646102
 -5.35935
 0.801199
 2.59788
 -4.25474
 0.060581
 0.918322
 -1.03914
 -1.07146
 0.340845
 0.880307
 -0.806474
 -0.330374
 -2.69882
 5.02382
 -1.45463
 -2.72208
 2.353
 -1.84917
 -0.944344
 0.109348
 2.53175
 -0.111346
 -2.53171
 0.764756
 -0.687532
 3.18826
 -1.38608
 1.2159
 -1.31678
 0.203145
 -1.17464
 1.59056
 2.03994
 -0.520974
 -1.99026
 -2.13453
 1.12224
 3.96761
 -3.86667
 -1.4258
 -1.50788
 3.37964
 -3.59548
 -0.23838
 2.36965
 2.53425
 -4.07437
 -0.932452
 -1.00241
 1.08187
 2.95099
 -2.55028
 -2.06959
 4.66843
 -0.519799
 -3.89051
 3.46594
 -2.0915
 3.2486
 -3.7746
 4.84818
 -5.11668
 4.41077
 -2.02614
 0.688704
 -0.524497
 -2.60267
 2.00622
 -0.198057
 1.71992
 0.0878163
 -1.38596
 -1.77056
 0.792575
 4.10055
 -3.01538
 1.82408
 -2.10858
 2.51408
 -4.90049
 3.14121
 -3.71981
 2.75225
 -1.10919
 1.18953
 -0.16935
 2.17904
 -2.81025
 2.56361
 -5.06056
 5.95916
 -5.80112
 1.44205
 3.79584
 -5.51678
 4.02062
 -0.225153
 0.00982754
 1.10101
 -3.66571
 4.52829
 -4.54112
 2.74712
 0.613554
 -2.79515
 2.18787
 0.744371
 2.65916
 -4.22231
 0.998636
 2.67405
 -1.96136
 1.52701
 -0.209045
 -0.572906
 2.90611
 -5.82884
 2.9404
 -2.23079
 2.67718
 -4.41857
 -0.196236
 3.891
 -0.887759
 -0.358198
 0.208733
 -0.280715
 1.90125
 -3.84303
 3.84288
 -2.54541
 2.70217
 -4.61744
 -0.231001
 -0.865707
 4.94657
 -2.7899
 3.5237
 0.0578295
 1.05819
 -0.10798
 0.958523
 -1.69807
 2.40546
 -4.99972
 4.82138
 -0.721386
 1.91436
 -1.42758
 -3.01214
 4.43015
 -4.0512
 2.81001
 -2.75207
 2.99682
 -4.89909
 1.67182
 -0.183492
 -1.00926
 1.4065
 -1.83063
 0.0110378
 4.51347
 -5.31151
 -0.620892
 5.04617
 -5.0305
 0.366027
 2.76662
 -1.08584
 -0.503733
 0.699628
 0.569823
 -2.94978
 -1.15243
 4.69581
 -4.14394
 2.3772
 -2.54888
 3.64334
 -4.97065
 2.59726
 -0.288209
 0.441012
 -1.95073
 -1.32988
 2.07242
 0.702664
 -3.77185
 1.81821
 -0.332111
 1.32263
 -0.218027
 -1.38694
 1.73062
 -0.478458
 1.59137
 0.82242
 -2.31031
 2.56832
 -4.74249
 1.55968
 2.27357
 -4.03495
 3.07832
 -2.14416
 3.77107
 -4.55018
 5.36193
 -0.999867
 -4.80603
 0.0192184
 4.61696
 -3.01799
 1.46364
 -3.51781
 5.48225
 -0.351341
 0.852238
 -3.13431
 2.53095
 -3.5231
 1.1638
 -1.02033
 1.96534
 0.326466
 -0.299341
 2.15736
 -1.60149
 1.92894
 0.970491
 -0.143847
 0.547672
 -1.1325
 0.992985
 -0.705246
 1.03837
 -3.85611
 2.25436
 1.91711
 -1.90348
 -1.71136
 1.48115
 -1.31792
 -1.29633
 -0.639272
 3.92479
 0.123278
 1.36037
 -2.60016
 1.16368
 -0.117567
 1.67439
 -3.12995
 0.435993
 -1.74715
 2.83564
 0.200612
 0.188179
 1.66472
 -4.19586
 -0.293148
 -0.968161
 4.08356
 -1.6565
 1.36929
 1.54284
 -0.757485
 -2.40259
 3.57258
 -2.83875
 -1.94713
 0.551284
 4.4609
 -3.67529
 1.50139
 -3.65359
 -0.202599
 1.38283
 3.39586
 -1.78449
 -2.24336
 2.10981
 2.00882
 -2.73064
 -0.383067
 2.116
 -1.70327
 1.13547
 -2.6558
 0.847873
 0.414362
 1.19443
 -3.00855
 5.04413
 -1.8296
 -1.95801
 0.325708
 0.0585527
 1.73813
 -3.07925
 3.81348
 -3.83379
 2.10966
 0.516121
 0.945085
 -3.82143
 -0.294687
 1.16818
 1.12295
 -3.2488
 0.321411
 4.03638
 -3.24292
 0.513561
 -2.78137
 3.95726
 -1.73513
 2.41531
 -2.58665
 1.30748
 -3.47383
 3.27592
 -3.08802
 -0.558545
 1.97344
 -2.28101
 -0.641686
 4.8005
 -5.45015
 4.86143
 -4.91581
 1.10174
 -0.260872
 3.39808
 -0.665234
 -3.25373
 -0.55191
 4.27975
 -3.64496
 4.65012
 -5.04099
 2.10871
 2.64635
 -2.07157
 1.25827
 -4.29353
 0.20906
 1.6954
 0.158453
 1.59628
 -4.74511
 0.588247
 2.13511
 1.28446
 -1.0419
 -4.28928
 4.72093
 1.68697
 -0.733349
 -2.97193
 -1.85686
 0.295714
 4.3103
 -1.78638
 -1.98387
 0.568951
 3.44671
 0.260217
 -2.21106
 3.57829
 0.404406
 0.707066
 0.511404
 -2.56933
 0.0598833
 -0.516788
 2.17677
 -1.7916
 0.583289
 -1.98836
 2.65719
 -1.77318
 2.44695
 -0.253243
 0.694436
 1.85058
 -3.94076
 0.10244
 3.46846
 0.588622
 -5.03766
 4.82076
 1.2012
 -5.39092
 0.727515
 3.29813
 -2.61205
 -2.16067
 1.76785
 -0.346393
 0.261584
 -0.507652
 -2.38942
 4.23256
 -1.05027
 -1.91046
 3.31699
 -1.38076
 -1.46919
 -0.649412
 3.64303
 -2.32044
 -0.794206
 3.29547
 0.61612
 -2.30158
 -0.937569
 2.05506
 0.777912
 1.55525
 -0.607511
 -3.78658
 2.96509
 0.919773
 -2.65511
 3.02432
 1.24583
 -1.64728
 -2.47441
 -0.439273
 -1.14806
 1.89781
 0.602538
 2.357
 -2.66586
 -2.57508
 0.860608
 -1.32793
 2.16481
 -1.16948
 1.39674
 0.273575
 -2.03006
 -0.421334
 -2.07353
 4.7922
 0.352898
 -2.84725
 0.4542
 -2.294
 -0.559956
 1.83163
 1.57664
 -1.70433
 0.0763449
 -2.71524
 0.876394
 -1.91171
 0.921089
 -1.07634
 0.674789
 1.78721
 -2.65914
 -1.41085
 4.87187
 -3.77443
 4.88273
 -0.597349
 -3.68478
 -0.128551
 -1.52115
 4.78288
 -0.301985
 -1.89293
 1.46739
 0.57033
 -1.4339
 0.263174
 -2.99655
 0.837337
 -0.239276
 2.2423
 -0.401197
 -3.09795
 -0.983053
 0.700221
 -1.62517
 4.80852
 -3.60712
 3.42224
 -2.30636
 0.886355
 0.672704
 -3.39519
 4.45948
 -0.245173
 -2.53505
 0.50351
 -1.9813
 3.22693
 1.61804
 0.227394
 -0.463753
 -2.27171
 4.39274
 -1.31188
 1.88095
 -3.41755
 0.63244
 1.31296
 -2.16368
 1.68092
 -2.62588
 2.93732
 -2.62919
 -0.0505546
 -1.47955
 5.33939
 -4.92265
 1.23973
 -1.97609
 0.834826
 4.21942
 -1.9091
 1.62628
 -1.40001
 0.0707484
 -0.186938
 -1.14814
 -0.294987
 1.74122
 0.470504
 1.59688
 -2.46422
 -1.12898
 3.02546
 1.13525
 -1.79858
 -1.90079
 4.50081
 -0.619447
 0.450634
 1.14554
 -1.13655
 0.0667227
 -1.16707
 -1.03698
 4.35045
 -0.72634
 -2.6349
 0.969437
 -0.829523
 3.2878
 -3.26477
 2.62607
 -2.32524
 -0.641268
 2.82903
 -3.2944
 3.34636
 1.30715
 -1.13941
 1.16278
 1.23423
 0.0586247
 -4.66415
 2.7226
 -2.39989
 -0.437945
 4.32332
 0.498059
 -3.10877
 3.16046
 -1.45199
 1.76316
 -0.525634
 -0.642502
 0.319915
 -0.672507
 0.933678
 0.876241
 1.34192
 -4.21318
 4.14004
 0.983803
 -4.41969
 3.89865
 -0.531136
 0.57102
 -1.11283
 1.10606
 -3.22666
 5.51033
 -2.4938
 -2.48269
 2.52866
 0.588677
 -1.32041
 2.43425
 -0.216439
 -1.91209
 3.05988
 -1.56056
 -2.83365
 4.77039
 -2.72993
 3.22234
 -2.79774
 0.273922
 0.7987
 0.823374
 1.96735
 -0.143821
 -4.47995
 3.96819
 -0.792801
 2.63065
 -1.31614
 -3.95503
 0.510527
 -1.42959
 3.77418
 -3.68218
 5.17875
 -1.29418
 -3.86894
 4.61429
 1.1763
 -3.78159
 1.79125
 -3.27488
 0.731562
 2.703
 -1.26789
 -0.956909
 1.77647
 -3.05741
 0.319659
 2.25744
 -0.042567
 0.161692
 1.36007
 -1.1312
 -2.56385
 0.685213
 -2.083
 2.7143
 0.48226
 1.7436
 -3.99279
 1.21398
 0.406834
 -1.46808
 -0.244619
 1.3148
 -2.28273
 2.09278
 -2.55838
 -0.27126
 3.42591
 -4.52943
 0.793842
 1.02622
 -1.04021
 -0.447532
 -1.30832
 5.16017
 -5.79546
 2.5265
 0.211211
 -1.99342
 3.74054
 -5.38429
 5.54839
 0.474882
 -2.00044
 -0.804485
 3.80786
 -3.63293
 -0.227399
 -0.522426
 4.60871
 -2.09197
 1.6508
 -2.26764
 -2.31989
 4.68083
 -0.557334
 1.73771
 -0.0217624
 -4.82379
 -0.85846
 1.9558
 1.9641
 -0.552965
 -1.20637
 -1.15885
 4.03784
 -5.19619
 1.62718
 0.366751
 -1.5179
 3.63769
 -5.29029
 1.00775
 0.331843
 -0.541914
 2.19538
 -0.951187
 2.5724
 -1.4863
 -4.10524
 5.06327
 -5.17833
 1.60567
 -0.242894
 -0.731768
 0.441112
 1.16674
 -3.1654
 1.02949
 -0.574648
 2.74188
 0.803402
 -2.18646
 0.395987
 -0.514159
 2.30225
 -4.41248
 5.55062
 -4.43845
 4.27861
 -4.7307
 4.09977
 -3.87934
 1.66458
 -2.01128
 4.61795
 -0.0688872
 -2.69077
 -0.607701
 0.657683
 -1.46832
 4.26733
 -4.73856
 2.87655
 2.33994
 -1.30596
 1.15588
 0.732263
 0.304884
 0.98592
 -0.869541
 -0.89146
 3.95338
 0.192983
 -4.1446
 -0.786777
 2.5083
 -2.63582
 1.62098
 0.221474
 -1.34257
 1.84681
 -0.00268824
 -1.65338
 1.48713
 1.37804
 -3.85604
 5.09691
 -4.178
 4.60611
 -3.18754
 1.2439
 2.80268
 -2.09927
 -2.6566
 5.26961
 -5.44526
 4.24077
 -5.12015
 6.03149
 -1.18686
 -4.42812
 4.94282
 -1.88477
 1.12455
 -4.13901
 2.21294
 -0.900988
 2.00844
 -0.61362
 2.90207
 -5.92707
 1.90052
 0.434251
 4.20106
 -4.80987
 1.08753
 1.00412
 -1.23507
 0.0456811
 2.72635
 -0.420528
 1.46259
 -0.560256
 -0.252506
 1.59705
 -4.12699
 2.50727
 -2.34537
 2.13717
 0.266595
 -1.1621
 0.258763
