 -0.137774 2.59882 6.77283 1.63842 1.86499 6.16261 6.77283 6.16261
 1.14164 1.92401 5.00514 -11.3042 38.5419 1613.26 5.00514 1613.26
 1.14164 1.92401 5.00514 -9.01341 37.8322 1512.51 5.00514 1512.51
 1.14164 1.92401 5.00514 -6.25567 19.9991 439.098 5.00514 439.098
 1.14164 1.92401 5.00514 -4.25321 8.60329 92.1064 5.00514 92.1064
 1.14164 1.92401 5.00514 -3.38655 4.32119 30.1414 5.00514 30.1414
 1.14164 1.92401 5.00514 -2.4135 2.52433 12.1973 5.00514 12.1973
 1.14164 1.92401 5.00514 -0.704096 1.17168 1.86858 5.00514 1.86858
 -0.863807 1.21573 2.22417 0.911701 1.03167 1.89554 2.22417 1.89554
 0.641991 1.08808 1.59606 -0.0444981 0.941457 0.888321 1.59606 0.888321
 -0.258758 1.01349 1.09412 0.31442 0.908829 0.92483 1.09412 0.92483
 0.126908 0.974567 0.965886 0.0981825 0.871652 0.769417 0.965886 0.769417
 -0.0827775 0.939851 0.890172 0.193175 0.841027 0.744644 0.890172 0.744644
 0.0251928 0.906469 0.822321 0.109365 0.803998 0.658374 0.822321 0.658374
 -0.050147 0.867695 0.75541 0.141882 0.770227 0.61338 0.75541 0.61338
 -0.00678418 0.829743 0.688519 0.104731 0.733512 0.549008 0.688519 0.549008
 -0.0357833 0.788555 0.623099 0.122274 0.699223 0.503864 0.623099 0.503864
 -0.00927366 0.748825 0.560824 0.105039 0.664409 0.452473 0.560824 0.452473
 -0.0193131 0.708906 0.50292 0.116558 0.631682 0.412608 0.50292 0.412608
 -0.000821799 0.671347 0.450708 0.10553 0.597412 0.368038 0.450708 0.368038
 -0.00530649 0.633042 0.400771 0.115115 0.566678 0.334375 0.400771 0.334375
 0.00955922 0.599431 0.359409 0.1032 0.540042 0.302295 0.359409 0.302295
 0.00215463 0.571061 0.326116 0.114694 0.516933 0.280374 0.326116 0.280374
 0.0162863 0.547184 0.299676 0.100937 0.498187 0.258379 0.299676 0.258379
 0.00550339 0.527823 0.278627 0.116154 0.481206 0.245051 0.278627 0.245051
 0.0215957 0.51112 0.26171 0.0986304 0.46841 0.229136 0.26171 0.229136
 0.00649782 0.497866 0.247913 0.118958 0.455317 0.221464 0.247913 0.221464
 0.0267077 0.485563 0.236485 0.0955437 0.446779 0.20874 0.236485 0.20874
 0.00579579 0.476278 0.226875 0.122751 0.435844 0.205028 0.226875 0.205028
 0.0321896 0.466523 0.21868 0.0911611 0.430571 0.193702 0.21868 0.193702
 0.00349655 0.459992 0.211605 0.127635 0.420548 0.193151 0.211605 0.193151
 0.0384714 0.451614 0.205435 0.0808064 0.417928 0.181193 0.205435 0.181193
 -0.00450083 0.446839 0.199685 0.144856 0.405992 0.185813 0.199685 0.185813
 0.0563417 0.437919 0.194948 0.056015 0.409191 0.170575 0.194948 0.170575
 -0.0261292 0.436664 0.191358 0.177985 0.39257 0.185789 0.191358 0.185789
 0.0890388 0.426062 0.189457 0.00906904 0.405828 0.164779 0.189457 0.164779
 0.0890388 0.426062 0.189457 0.0909936 0.397972 0.166662 0.189457 0.166662
 0.00770113 0.42716 0.182525 0.108913 0.393936 0.167048 0.182525 0.167048
 0.0250336 0.423954 0.180364 0.105931 0.392106 0.164968 0.180364 0.164968
 0.0226265 0.421905 0.178516 0.106094 0.390019 0.163371 0.178516 0.163371
 0.0231446 0.419771 0.176744 0.105816 0.388046 0.161777 0.176744 0.161777
 0.0232367 0.417727 0.175036 0.105587 0.386132 0.160247 0.175036 0.160247
 0.0233684 0.415743 0.173388 0.105344 0.384279 0.158768 0.173388 0.158768
 0.0234814 0.413816 0.171795 0.105096 0.382482 0.157338 0.171795 0.157338
 0.0235841 0.411944 0.170254 0.104842 0.380737 0.155952 0.170254 0.155952
 0.0236761 0.410122 0.16876 0.104583 0.37904 0.154609 0.16876 0.154609
 0.023758 0.408347 0.167311 0.10432 0.377388 0.153304 0.167311 0.153304
 0.0238303 0.406616 0.165904 0.104052 0.375778 0.152036 0.165904 0.152036
 0.0238935 0.404926 0.164536 0.103752 0.374051 0.150679 0.164536 0.150679
 0.0239537 0.40311 0.163071 0.103448 0.372367 0.149359 0.163071 0.149359
 0.0240037 0.401337 0.161647 0.10314 0.370725 0.148075 0.161647 0.148075
 0.0240443 0.399604 0.160261 0.102828 0.369121 0.146824 0.160261 0.146824
 0.024076 0.39791 0.158912 0.102513 0.367553 0.145604 0.158912 0.145604
 0.0240993 0.396252 0.157596 0.102194 0.366018 0.144413 0.157596 0.144413
 0.0241146 0.394627 0.156312 0.101873 0.364515 0.143249 0.156312 0.143249
 0.0241223 0.393035 0.155058 0.101549 0.363041 0.142111 0.155058 0.142111
 0.024123 0.391472 0.153832 0.101224 0.361595 0.140997 0.153832 0.140997
 0.0241171 0.389937 0.152633 0.100896 0.360175 0.139906 0.152633 0.139906
 0.0241048 0.388429 0.151458 0.100567 0.358779 0.138836 0.151458 0.138836
 0.0240866 0.386946 0.150308 0.100236 0.357406 0.137786 0.150308 0.137786
 0.0240629 0.385487 0.149179 0.0998717 0.35592 0.136653 0.149179 0.136653
 0.0240312 0.383907 0.147962 0.0995052 0.354457 0.135541 0.147962 0.135541
 0.0239933 0.382352 0.146768 0.0991378 0.353017 0.134449 0.146768 0.134449
 0.0239499 0.38082 0.145598 0.0987698 0.351599 0.133377 0.145598 0.133377
 0.0239012 0.379312 0.144449 0.0984013 0.350202 0.132324 0.144449 0.132324
 0.0238477 0.377826 0.143321 0.0980326 0.348824 0.131288 0.143321 0.131288
 0.0237897 0.37636 0.142213 0.0976638 0.347464 0.130269 0.142213 0.130269
 0.0237276 0.374914 0.141124 0.0972952 0.346122 0.129267 0.141124 0.129267
 0.0236615 0.373487 0.140053 0.0969269 0.344796 0.128279 0.140053 0.128279
 0.0235919 0.372078 0.138999 0.0965591 0.343485 0.127306 0.138999 0.127306
 0.0235189 0.370686 0.137961 0.0961919 0.34219 0.126347 0.137961 0.126347
 0.0234428 0.36931 0.136939 0.0958255 0.340908 0.125401 0.136939 0.125401
 0.0233639 0.367949 0.135932 0.0954236 0.339513 0.124375 0.135932 0.124375
 0.0232745 0.366469 0.134841 0.0950221 0.338132 0.123363 0.134841 0.123363
 0.0231815 0.365005 0.133766 0.0946221 0.336766 0.122365 0.133766 0.122365
 0.0230862 0.363556 0.132706 0.0942234 0.335413 0.12138 0.132706 0.12138
 0.0229882 0.362124 0.131662 0.0938263 0.334074 0.120409 0.131662 0.120409
 0.0228882 0.360706 0.130633 0.0934309 0.332747 0.11945 0.130633 0.11945
 0.0227861 0.359303 0.129618 0.0930373 0.331432 0.118503 0.129618 0.118503
 0.0226823 0.357913 0.128616 0.0926455 0.330128 0.117568 0.128616 0.117568
 0.0225768 0.356536 0.127628 0.0922556 0.328835 0.116644 0.127628 0.116644
 0.02247 0.355172 0.126652 0.0918678 0.327553 0.115731 0.126652 0.115731
 0.0223618 0.353821 0.125689 0.091482 0.32628 0.114828 0.125689 0.114828
 0.0222526 0.35248 0.124738 0.0910982 0.325017 0.113935 0.124738 0.113935
 0.0221423 0.351151 0.123797 0.0906788 0.323638 0.112964 0.123797 0.112964
 0.0220205 0.349701 0.122776 0.090261 0.322268 0.112003 0.122776 0.112003
 0.0218971 0.348262 0.121766 0.0898463 0.320907 0.111054 0.121766 0.111054
 0.0217734 0.346835 0.120768 0.0894338 0.319556 0.110115 0.120768 0.110115
 0.0216487 0.345419 0.119783 0.0890245 0.318215 0.109186 0.119783 0.109186
 0.021524 0.344014 0.118809 0.0886176 0.316882 0.108267 0.118809 0.108267
 0.0213986 0.34262 0.117847 0.0882139 0.315557 0.107358 0.117847 0.107358
 0.0212733 0.341237 0.116895 0.0878126 0.314241 0.106458 0.116895 0.106458
 0.0211476 0.339863 0.115954 0.0874144 0.312932 0.105568 0.115954 0.105568
 0.0210222 0.338499 0.115024 0.0870187 0.31163 0.104686 0.115024 0.104686
 0.0208966 0.337144 0.114103 0.0866261 0.310336 0.103813 0.114103 0.103813
 0.0207714 0.335799 0.113192 0.086236 0.309049 0.102948 0.113192 0.102948
 0.0206462 0.334461 0.112291 0.0858106 0.30764 0.102006 0.112291 0.102006
 0.0205096 0.333 0.111309 0.0853869 0.306237 0.101072 0.111309 0.101072
 0.0203721 0.331546 0.110338 0.0849677 0.304841 0.100147 0.110338 0.100147
 0.0202362 0.330101 0.109376 0.0845504 0.303452 0.099232 0.109376 0.099232
 0.0200997 0.328666 0.108425 0.0841378 0.30207 0.0983256 0.108425 0.0983256
 0.0199653 0.32724 0.107484 0.0837267 0.300695 0.0974277 0.107484 0.0974277
 0.01983 0.325822 0.106553 0.0833208 0.299326 0.0965385 0.106553 0.0965385
 0.0196973 0.324412 0.105631 0.0829157 0.297964 0.0956574 0.105631 0.0956574
 0.0195633 0.32301 0.104718 0.0825164 0.296607 0.0947846 0.104718 0.0947846
 0.0194327 0.321616 0.103815 0.082117 0.295256 0.0939195 0.103815 0.0939195
 0.0192999 0.32023 0.10292 0.0817243 0.293911 0.0930625 0.10292 0.0930625
 0.0191718 0.318851 0.102034 0.0813301 0.292572 0.0922128 0.102034 0.0922128
 0.0190403 0.317479 0.101156 0.0809061 0.291104 0.0912872 0.101156 0.0912872
 0.0189031 0.315978 0.100199 0.080476 0.289641 0.0903682 0.100199 0.0903682
 0.018758 0.314483 0.0992512 0.0800618 0.288183 0.0894592 0.0992512 0.0894592
 0.0186266 0.312995 0.0983126 0.0796329 0.286733 0.0885573 0.0983126 0.0885573
 0.0184789 0.311516 0.0973834 0.0792331 0.285286 0.0876663 0.0973834 0.0876663
 0.0183577 0.310043 0.0964634 0.0787993 0.28385 0.0867803 0.0964634 0.0867803
 0.0182017 0.308579 0.0955524 0.0784221 0.282414 0.0859076 0.0955524 0.0859076
 0.0180991 0.30712 0.0946502 0.0779705 0.280992 0.085036 0.0946502 0.085036
 0.0179226 0.305672 0.0937567 0.0776341 0.279564 0.0841829 0.0937567 0.0841829
 0.0178566 0.304225 0.0928717 0.0771374 0.27816 0.083323 0.0928717 0.083323
 0.0176333 0.302794 0.0919951 0.0768816 0.276734 0.0824927 0.0919951 0.0824927
 0.017643 0.301356 0.0911267 0.0762801 0.275355 0.0816388 0.0911267 0.0816388
 0.0173149 0.299944 0.0902665 0.0761844 0.273779 0.0807592 0.0902665 0.0807592
 0.0175044 0.298367 0.0893292 0.0751788 0.272312 0.0798056 0.0893292 0.0798056
 0.016805 0.296846 0.0883999 0.0757502 0.270674 0.0790024 0.0883999 0.0790024
 0.017644 0.295244 0.0874802 0.073601 0.26935 0.0779666 0.0874802 0.0779666
 0.0158243 0.293802 0.0865703 0.0761789 0.267503 0.077361 0.0865703 0.077361
 0.0186241 0.292103 0.0856711 0.0705448 0.266584 0.0760435 0.0856711 0.0760435
 0.01339 0.290872 0.084786 0.0792322 0.264075 0.0760131 0.084786 0.0760131
 0.0221744 0.288849 0.0839253 0.062907 0.264363 0.0738452 0.0839253 0.0738452
 0.0064537 0.288234 0.0831207 0.090388 0.259811 0.0756717 0.0831207 0.0756717
 0.03368 0.285199 0.0824729 0.0410182 0.263817 0.0712819 0.0824729 0.0712819
 -0.0145022 0.286495 0.0822895 0.1268 0.253064 0.0801195 0.0822895 0.0801195
 -0.0145022 0.286495 0.0822895 0.0851674 0.258105 0.0738718 0.0822895 0.0738718
 0.0289738 0.283204 0.0810439 0.0670342 0.259343 0.0717523 0.0810439 0.0717523
 0.0113045 0.283448 0.0804707 0.0733434 0.257904 0.0718936 0.0804707 0.0718936
 0.0176518 0.282349 0.0800328 0.0707864 0.257442 0.0712872 0.0800328 0.0712872
 0.0152734 0.281747 0.0796146 0.0714434 0.25663 0.070963 0.0796146 0.070963
 0.0160566 0.280968 0.0792008 0.0709348 0.255947 0.0705407 0.0792008 0.0705407
 0.0156922 0.280255 0.0787891 0.0708509 0.25522 0.0701571 0.0787891 0.0701571
 0.015746 0.27952 0.0783795 0.0706128 0.254511 0.0697622 0.0783795 0.0697622
 0.0156477 0.278795 0.0779718 0.0704317 0.253799 0.0693744 0.0779718 0.0693744
 0.0156055 0.278069 0.077566 0.0702303 0.25309 0.0689868 0.077566 0.0689868
 0.0155432 0.277345 0.077162 0.0700369 0.252382 0.0686019 0.077162 0.0686019
 0.0154887 0.276623 0.07676 0.0698412 0.251677 0.0682189 0.07676 0.0682189
 0.0154318 0.275901 0.0763598 0.0696277 0.250902 0.0678 0.0763598 0.0678
 0.015371 0.27511 0.0759216 0.0694138 0.25013 0.067383 0.0759216 0.067383
 0.0153097 0.274319 0.0754853 0.0692007 0.249359 0.0669686 0.0754853 0.0669686
 0.0152492 0.27353 0.0750511 0.0689878 0.248591 0.0665566 0.0750511 0.0665566
 0.0151889 0.272743 0.0746192 0.0687755 0.247825 0.0661471 0.0746192 0.0661471
 0.0151291 0.271957 0.0741894 0.0685636 0.247061 0.0657399 0.0741894 0.0657399
 0.0150697 0.271173 0.0737617 0.0683522 0.246299 0.0653352 0.0737617 0.0653352
 0.0150106 0.27039 0.0733361 0.0681412 0.245539 0.0649328 0.0733361 0.0649328
 0.014952 0.269609 0.0729127 0.0679306 0.244782 0.0645328 0.0729127 0.0645328
 0.0148937 0.26883 0.0724913 0.0677203 0.244027 0.0641352 0.0724913 0.0641352
 0.0148358 0.268052 0.072072 0.0675105 0.243274 0.0637398 0.072072 0.0637398
 0.0147783 0.267276 0.0716547 0.067301 0.242523 0.0633468 0.0716547 0.0633468
 0.0147211 0.266501 0.0712394 0.0670713 0.241699 0.0629171 0.0712394 0.0629171
 0.014659 0.26565 0.0707849 0.0668412 0.240877 0.0624896 0.0707849 0.0624896
 0.0145967 0.2648 0.0703322 0.0666119 0.240058 0.0620649 0.0703322 0.0620649
 0.0145352 0.263952 0.069882 0.0663827 0.239241 0.0616429 0.069882 0.0616429
 0.0144739 0.263106 0.0694341 0.0661541 0.238426 0.0612235 0.0694341 0.0612235
 0.0144131 0.262261 0.0689885 0.0659257 0.237614 0.0608068 0.0689885 0.0608068
 0.0143527 0.261418 0.0685452 0.0656977 0.236805 0.0603928 0.0685452 0.0603928
 0.0142928 0.260576 0.0681042 0.06547 0.235998 0.0599813 0.0681042 0.0599813
 0.0142332 0.259736 0.0676654 0.0652427 0.235193 0.0595724 0.0676654 0.0595724
 0.014174 0.258897 0.0672288 0.0650156 0.234391 0.059166 0.0672288 0.059166
 0.0141152 0.25806 0.0667944 0.0647888 0.233591 0.0587621 0.0667944 0.0587621
 0.0140568 0.257225 0.0663622 0.0645623 0.232793 0.0583608 0.0663622 0.0583608
 0.0139988 0.256391 0.0659322 0.0643137 0.231918 0.057922 0.0659322 0.057922
 0.0139359 0.255475 0.0654615 0.0640645 0.231044 0.0574857 0.0654615 0.0574857
 0.0138725 0.254559 0.0649929 0.0638162 0.230173 0.0570523 0.0649929 0.0570523
 0.0138102 0.253645 0.0645267 0.0635675 0.229305 0.0566217 0.0645267 0.0566217
 0.0137478 0.252733 0.0640631 0.0633195 0.22844 0.056194 0.0640631 0.056194
 0.0136863 0.251823 0.0636019 0.0630714 0.227576 0.0557691 0.0636019 0.0557691
 0.0136248 0.250913 0.0631432 0.0628238 0.226716 0.0553469 0.0631432 0.0553469
 0.0135641 0.250006 0.0626868 0.062576 0.225858 0.0549274 0.0626868 0.0549274
 0.0135035 0.249099 0.0622328 0.0623287 0.225002 0.0545107 0.0622328 0.0545107
 0.0134435 0.248194 0.0617812 0.0620813 0.224148 0.0540965 0.0617812 0.0540965
 0.0133837 0.247291 0.061332 0.0618342 0.223297 0.053685 0.061332 0.053685
 0.0133244 0.246389 0.060885 0.0615871 0.222448 0.0532761 0.060885 0.0532761
 0.0132654 0.245488 0.0604403 0.0613159 0.221516 0.0528292 0.0604403 0.0528292
 0.0132015 0.244498 0.0599537 0.0610434 0.220586 0.0523846 0.0599537 0.0523846
 0.0131367 0.243509 0.0594691 0.0607722 0.219659 0.0519432 0.0594691 0.0519432
 0.0130737 0.242521 0.0589873 0.0604996 0.218734 0.0515046 0.0589873 0.0515046
 0.0130097 0.241534 0.0585082 0.0602286 0.217811 0.051069 0.0585082 0.051069
 0.0129476 0.240549 0.0580316 0.059956 0.216891 0.0506362 0.0580316 0.0506362
 0.0128842 0.239566 0.0575577 0.059685 0.215972 0.0502064 0.0575577 0.0502064
 0.012823 0.238583 0.0570864 0.0594123 0.215057 0.0497792 0.0570864 0.0497792
 0.0127603 0.237602 0.0566176 0.0591414 0.214143 0.049355 0.0566176 0.049355
 0.0126998 0.236622 0.0561514 0.0588685 0.213232 0.0489333 0.0561514 0.0489333
 0.0126377 0.235644 0.0556878 0.0585976 0.212322 0.0485144 0.0556878 0.0485144
 0.0125781 0.234667 0.0552266 0.0583243 0.211415 0.048098 0.0552266 0.048098
 0.0125165 0.233691 0.0547679 0.0580267 0.210419 0.0476432 0.0547679 0.0476432
 0.0124523 0.232618 0.0542662 0.0577243 0.209424 0.0471906 0.0542662 0.0471906
 0.012384 0.231546 0.0537668 0.0574273 0.208431 0.0467415 0.0537668 0.0467415
 0.0123217 0.230475 0.0532704 0.0571229 0.207441 0.0462949 0.0532704 0.0462949
 0.0122524 0.229405 0.0527769 0.0568276 0.206453 0.0458521 0.0527769 0.0458521
 0.0121929 0.228337 0.0522864 0.0565202 0.205467 0.0454114 0.0522864 0.0454114
 0.0121216 0.22727 0.0517988 0.0562277 0.204483 0.0449747 0.0517988 0.0449747
 0.0120661 0.226205 0.0513142 0.0559157 0.203502 0.0445396 0.0513142 0.0445396
 0.0119912 0.225141 0.0508325 0.055628 0.202521 0.0441092 0.0508325 0.0441092
 0.0119416 0.224078 0.0503537 0.0553087 0.201545 0.0436794 0.0503537 0.0436794
 0.0118603 0.223018 0.0498778 0.0550293 0.200567 0.0432553 0.0498778 0.0432553
 0.0118202 0.221957 0.0494048 0.0546983 0.199596 0.0428305 0.0494048 0.0428305
 0.0117279 0.220901 0.0489348 0.0544066 0.198523 0.0423714 0.0489348 0.0423714
 0.0117011 0.219736 0.048421 0.0540109 0.197461 0.0419079 0.048421 0.0419079
 0.0115688 0.218578 0.04791 0.0537708 0.196385 0.0414584 0.04791 0.0414584
 0.0115965 0.217412 0.0474025 0.0532947 0.195336 0.0409964 0.0474025 0.0409964
 0.0113829 0.216261 0.0468985 0.0531743 0.194253 0.0405616 0.0468985 0.0405616
 0.0115347 0.215093 0.0463981 0.0525155 0.193226 0.0400943 0.0463981 0.0400943
 0.0111346 0.213956 0.0459012 0.0526698 0.19212 0.0396841 0.0459012 0.0396841
 0.0115697 0.212777 0.0454079 0.0515939 0.191141 0.0391966 0.0454079 0.0391966
 0.0107416 0.211667 0.0449183 0.0523778 0.189974 0.0388337 0.0449183 0.0388337
 0.011826 0.210458 0.0444324 0.0503471 0.189097 0.0382925 0.0444324 0.0382925
 0.0100152 0.209404 0.0439504 0.0525754 0.187788 0.0380286 0.0439504 0.0380286
 0.0125897 0.208121 0.0434729 0.0483551 0.187139 0.0373593 0.0434729 0.0373593
 0.00852063 0.207192 0.0430009 0.0544553 0.185333 0.0373139 0.0430009 0.0373139
 0.0151214 0.205588 0.0424952 0.0426438 0.185358 0.0361759 0.0424952 0.0361759
 0.00324094 0.204964 0.0420207 0.0625089 0.182162 0.0370904 0.0420207 0.0370904
 0.0240686 0.20263 0.0416384 0.0263273 0.184712 0.0348118 0.0416384 0.0348118
 -0.0130202 0.203387 0.0415356 0.0893398 0.177231 0.0393925 0.0415356 0.0393925
 -0.0130202 0.203387 0.0415356 0.0587182 0.180774 0.036127 0.0415356 0.036127
 0.0206257 0.20093 0.0407983 0.0452585 0.181558 0.0350116 0.0407983 0.0350116
 0.00685735 0.201027 0.0404587 0.0499657 0.180495 0.0350751 0.0404587 0.0350751
 0.0118917 0.200145 0.0401993 0.0479841 0.180119 0.0347452 0.0401993 0.0347452
 0.00999387 0.19963 0.0399519 0.0484594 0.179492 0.0345655 0.0399519 0.0345655
 0.0106421 0.198982 0.0397071 0.0480327 0.178958 0.034333 0.0397071 0.034333
 0.0103552 0.198384 0.0394636 0.0479373 0.178391 0.0341212 0.0394636 0.0341212
 0.0104119 0.19777 0.0392213 0.0477201 0.177837 0.0339031 0.0392213 0.0339031
 0.0103423 0.197163 0.03898 0.0475477 0.177279 0.0336887 0.03898 0.0336887
 0.0103192 0.196554 0.0387399 0.0473588 0.176724 0.0334743 0.0387399 0.0334743
 0.0102789 0.195947 0.0385009 0.0471759 0.176169 0.0332612 0.0385009 0.0332612
 0.010245 0.195341 0.038263 0.0469909 0.175616 0.033049 0.038263 0.033049
 0.0102088 0.194736 0.0380262 0.0467882 0.175007 0.0328167 0.0380262 0.0328167
 0.01017 0.194071 0.0377671 0.0465849 0.174399 0.0325853 0.0377671 0.0325853
 0.0101307 0.193407 0.037509 0.0463819 0.173793 0.0323552 0.037509 0.0323552
 0.0100917 0.192745 0.0372524 0.0461788 0.173187 0.0321262 0.0372524 0.0321262
 0.0100525 0.192083 0.0369971 0.0459758 0.172583 0.0318985 0.0369971 0.0318985
 0.0100134 0.191423 0.0367431 0.0457728 0.171979 0.031672 0.0367431 0.031672
 0.00997437 0.190765 0.0364906 0.0455699 0.171377 0.0314467 0.0364906 0.0314467
 0.00993536 0.190107 0.0362394 0.045367 0.170776 0.0312226 0.0362394 0.0312226
 0.00989636 0.189451 0.0359897 0.0451642 0.170176 0.0309997 0.0359897 0.0309997
 0.00985739 0.188796 0.0357413 0.0449615 0.169577 0.030778 0.0357413 0.030778
 0.00981845 0.188143 0.0354943 0.0447588 0.16898 0.0305576 0.0354943 0.0305576
 0.00977955 0.187491 0.0352487 0.0445563 0.168384 0.0303384 0.0352487 0.0303384
 0.00974068 0.186841 0.0350045 0.0443337 0.167729 0.0300986 0.0350045 0.0300986
 0.00969804 0.186127 0.0347374 0.0441108 0.167076 0.0298601 0.0347374 0.0298601
 0.00965522 0.185415 0.0344718 0.0438883 0.166424 0.0296231 0.0344718 0.0296231
 0.0096126 0.184704 0.0342078 0.0436658 0.165773 0.0293875 0.0342078 0.0293875
 0.00956991 0.183995 0.0339456 0.0434436 0.165125 0.0291535 0.0339456 0.0291535
 0.00952734 0.183288 0.0336851 0.0432215 0.164478 0.0289209 0.0336851 0.0289209
 0.00948477 0.182582 0.0334263 0.0429996 0.163832 0.0286899 0.0334263 0.0286899
 0.00944228 0.181879 0.0331692 0.042778 0.163188 0.0284604 0.0331692 0.0284604
 0.00939981 0.181178 0.0329138 0.0425566 0.162546 0.0282324 0.0329138 0.0282324
 0.00935742 0.180479 0.0326601 0.0423355 0.161906 0.0280058 0.0326601 0.0280058
 0.00931507 0.179781 0.0324082 0.0421146 0.161267 0.0277808 0.0324082 0.0277808
 0.00927278 0.179086 0.0321579 0.041894 0.160631 0.0275573 0.0321579 0.0275573
 0.00923054 0.178393 0.0319094 0.0416516 0.159932 0.0273132 0.0319094 0.0273132
 0.0091842 0.177633 0.0316379 0.0414093 0.159235 0.0270706 0.0316379 0.0270706
 0.00913772 0.176875 0.0313683 0.0411675 0.158541 0.0268299 0.0313683 0.0268299
 0.0090915 0.176119 0.0311007 0.0409259 0.157848 0.026591 0.0311007 0.026591
 0.00904519 0.175367 0.0308352 0.0406849 0.157158 0.0263539 0.0308352 0.0263539
 0.00899911 0.174616 0.0305719 0.0404443 0.15647 0.0261187 0.0305719 0.0261187
 0.00895298 0.173869 0.0303105 0.0402042 0.155785 0.0258853 0.0303105 0.0258853
 0.00890705 0.173124 0.0300513 0.0399644 0.155102 0.0256538 0.0300513 0.0256538
 0.00886111 0.172382 0.0297942 0.0397253 0.154422 0.0254241 0.0297942 0.0254241
 0.00881535 0.171643 0.0295392 0.0394866 0.153744 0.0251963 0.0295392 0.0251963
 0.00876961 0.170907 0.0292862 0.0392485 0.153068 0.0249703 0.0292862 0.0249703
 0.00872402 0.170174 0.0290353 0.0390109 0.152395 0.0247461 0.0290353 0.0247461
 0.00867848 0.169444 0.0287865 0.0387502 0.151658 0.0245017 0.0287865 0.0245017
 0.00862858 0.168644 0.0285152 0.0384898 0.150923 0.0242591 0.0285152 0.0242591
 0.00857858 0.167847 0.0282461 0.0382303 0.150191 0.0240188 0.0282461 0.0240188
 0.00852896 0.167053 0.0279794 0.0379713 0.149462 0.0237807 0.0279794 0.0237807
 0.00847919 0.166263 0.0277153 0.0377134 0.148736 0.0235448 0.0277153 0.0235448
 0.00842986 0.165477 0.0274537 0.0374561 0.148014 0.0233112 0.0274537 0.0233112
 0.00838037 0.164695 0.0271946 0.0371998 0.147295 0.0230798 0.0271946 0.0230798
 0.00833135 0.163916 0.026938 0.0369441 0.14658 0.0228506 0.026938 0.0228506
 0.00828214 0.163142 0.0266839 0.0366896 0.145868 0.0226236 0.0266839 0.0226236
 0.00823344 0.162371 0.0264322 0.0364356 0.145159 0.0223988 0.0264322 0.0223988
 0.00818453 0.161605 0.026183 0.0361829 0.144454 0.0221762 0.026183 0.0221762
 0.00813617 0.160842 0.0259363 0.0359308 0.143753 0.0219558 0.0259363 0.0219558
 0.00808758 0.160083 0.0256921 0.0356549 0.142985 0.0217159 0.0256921 0.0217159
 0.00803476 0.159253 0.0254262 0.0353794 0.14222 0.0214783 0.0254262 0.0214783
 0.00798153 0.158427 0.0251629 0.0351058 0.14146 0.0212433 0.0251629 0.0212433
 0.0079293 0.157606 0.0249026 0.0348324 0.140704 0.0210109 0.0249026 0.0210109
 0.00787627 0.15679 0.0246452 0.0345616 0.139953 0.0207813 0.0246452 0.0207813
 0.00782479 0.155979 0.0243907 0.0342905 0.139206 0.0205541 0.0243907 0.0205541
 0.00777187 0.155173 0.0241391 0.0340228 0.138463 0.0203297 0.0241391 0.0203297
 0.00772129 0.154372 0.0238904 0.0337539 0.137726 0.0201077 0.0238904 0.0201077
 0.00766832 0.153577 0.0236446 0.0334894 0.136992 0.0198885 0.0236446 0.0198885
 0.0076189 0.152786 0.0234017 0.0332225 0.136264 0.0196716 0.0234017 0.0196716
 0.0075656 0.152001 0.0231616 0.0329619 0.13554 0.0194575 0.0231616 0.0194575
 0.00751772 0.151221 0.0229244 0.0326966 0.134821 0.0192457 0.0229244 0.0192457
 0.00746364 0.150447 0.02269 0.0324146 0.134034 0.0190159 0.02269 0.0190159
 0.00741328 0.1496 0.0224353 0.0321227 0.133254 0.0187884 0.0224353 0.0187884
 0.00735099 0.14876 0.0221835 0.0318496 0.132477 0.0185645 0.0221835 0.0185645
 0.00730718 0.147925 0.0219352 0.031553 0.131709 0.0183427 0.0219352 0.0183427
 0.00723674 0.147098 0.0216901 0.031296 0.130942 0.0181253 0.0216901 0.0181253
 0.00720665 0.146275 0.0214483 0.0309849 0.130187 0.0179088 0.0214483 0.0179088
 0.0071176 0.145462 0.0212099 0.0307587 0.12943 0.0176982 0.0212099 0.0176982
 0.00711681 0.144651 0.0209746 0.0304116 0.128691 0.0174862 0.0209746 0.0174862
 0.00698607 0.143853 0.0207426 0.0302485 0.127939 0.0172835 0.0207426 0.0172835
 0.00704886 0.143053 0.0205138 0.0298175 0.127221 0.0170743 0.0205138 0.0170743
 0.00682559 0.142273 0.0202881 0.0297888 0.126468 0.0168816 0.0202881 0.0168816
 0.00702747 0.141478 0.0200655 0.0291683 0.125781 0.0166717 0.0200655 0.0166717
 0.00659959 0.140722 0.0198461 0.0294569 0.124935 0.0164764 0.0198461 0.0164764
 0.00715765 0.139847 0.0196083 0.0281654 0.124253 0.0162321 0.0196083 0.0162321
 0.00603672 0.13906 0.019374 0.0296204 0.123304 0.0160812 0.019374 0.0160812
 0.00782911 0.13814 0.019144 0.0263173 0.122839 0.015782 0.019144 0.015782
 0.00456781 0.137473 0.0189197 0.0312775 0.121558 0.0157547 0.0189197 0.0157547
 0.0100781 0.136395 0.0187052 0.0219029 0.12172 0.0152955 0.0187052 0.0152955
 0.000363194 0.136062 0.0185131 0.0374194 0.119431 0.015664 0.0185131 0.015664
 0.0170817 0.134496 0.0183809 0.00972262 0.121499 0.0148565 0.0183809 0.0148565
 0.0170817 0.134496 0.0183809 0.0231907 0.120428 0.0150408 0.0183809 0.0150408
 0.00208301 0.134774 0.0181684 0.0285647 0.119509 0.0150984 0.0181684 0.0150984
 0.00791271 0.134098 0.0180448 0.0264944 0.119338 0.0149435 0.0180448 0.0149435
 0.00582945 0.133807 0.0179382 0.0270363 0.11891 0.0148706 0.0179382 0.0148706
 0.00652102 0.133387 0.0178345 0.0266683 0.118574 0.0147711 0.0178345 0.0147711
 0.006245 0.133015 0.0177319 0.0266185 0.118209 0.0146819 0.0177319 0.0146819
 0.00630658 0.132628 0.01763 0.0264586 0.117856 0.0145901 0.01763 0.0145901
 0.00625055 0.13225 0.017529 0.0263379 0.117501 0.0145002 0.017529 0.0145002
 0.00623571 0.131871 0.0174288 0.0262044 0.11715 0.0144107 0.0174288 0.0144107
 0.00620664 0.131495 0.0173294 0.0260763 0.116799 0.014322 0.0173294 0.014322
 0.0061827 0.131121 0.0172308 0.0259472 0.116451 0.014234 0.0172308 0.014234
 0.00615713 0.130748 0.017133 0.0258192 0.116104 0.0141467 0.017133 0.0141467
 0.00613228 0.130378 0.017036 0.0256789 0.115724 0.0140515 0.017036 0.0140515
 0.00610479 0.129973 0.0169301 0.0255395 0.115347 0.0139571 0.0169301 0.0139571
 0.00607757 0.129569 0.0168251 0.0254007 0.114971 0.0138635 0.0168251 0.0138635
 0.00605043 0.129168 0.016721 0.0252628 0.114598 0.0137708 0.016721 0.0137708
 0.00602346 0.128769 0.0166179 0.0251256 0.114226 0.0136789 0.0166179 0.0136789
 0.00599661 0.128373 0.0165156 0.0249892 0.113857 0.0135879 0.0165156 0.0135879
 0.00596992 0.127979 0.0164143 0.0248536 0.11349 0.0134976 0.0164143 0.0134976
 0.00594336 0.127587 0.0163138 0.0247188 0.113125 0.0134082 0.0163138 0.0134082
 0.00591694 0.127198 0.0162143 0.0245848 0.112762 0.0133197 0.0162143 0.0133197
 0.00589067 0.126811 0.0161156 0.0244515 0.112401 0.0132319 0.0161156 0.0132319
 0.00586453 0.126426 0.0160179 0.0243191 0.112042 0.0131449 0.0160179 0.0131449
 0.00583854 0.126043 0.015921 0.0241874 0.111686 0.0130587 0.015921 0.0130587
 0.00581269 0.125663 0.0158249 0.0240433 0.111296 0.0129648 0.0158249 0.0129648
 0.00578435 0.125247 0.0157203 0.0239002 0.110908 0.0128718 0.0157203 0.0128718
 0.00575624 0.124833 0.0156165 0.0237579 0.110523 0.0127797 0.0156165 0.0127797
 0.00572826 0.124423 0.0155138 0.0236167 0.11014 0.0126885 0.0155138 0.0126885
 0.00570047 0.124015 0.0154121 0.0234763 0.109759 0.0125982 0.0154121 0.0125982
 0.00567283 0.123609 0.0153114 0.023337 0.109381 0.0125089 0.0153114 0.0125089
 0.00564538 0.123207 0.0152117 0.0231985 0.109006 0.0124205 0.0152117 0.0124205
 0.00561809 0.122807 0.015113 0.023061 0.108633 0.012333 0.015113 0.012333
 0.00559096 0.122409 0.0150153 0.0229245 0.108263 0.0122464 0.0150153 0.0122464
 0.00556401 0.122015 0.0149185 0.0227889 0.107895 0.0121606 0.0149185 0.0121606
 0.00553722 0.121623 0.0148227 0.0226542 0.107529 0.0120757 0.0148227 0.0120757
 0.0055106 0.121233 0.0147279 0.0225205 0.107166 0.0119917 0.0147279 0.0119917
 0.00548415 0.120847 0.014634 0.0223743 0.106769 0.0119003 0.014634 0.0119003
 0.00545516 0.120424 0.0145318 0.0222292 0.106375 0.0118098 0.0145318 0.0118098
 0.00542646 0.120005 0.0144305 0.0220852 0.105984 0.0117203 0.0144305 0.0117203
 0.00539789 0.119588 0.0143304 0.0219424 0.105595 0.0116319 0.0143304 0.0116319
 0.00536956 0.119174 0.0142314 0.0218007 0.10521 0.0115444 0.0142314 0.0115444
 0.0053414 0.118764 0.0141334 0.0216601 0.104827 0.0114579 0.0141334 0.0114579
 0.00531346 0.118357 0.0140366 0.0215206 0.104448 0.0113724 0.0140366 0.0113724
 0.00528569 0.117953 0.0139408 0.0213822 0.104071 0.0112879 0.0139408 0.0112879
 0.00525815 0.117552 0.013846 0.021245 0.103696 0.0112043 0.013846 0.0112043
 0.00523077 0.117154 0.0137523 0.0211088 0.103325 0.0111217 0.0137523 0.0111217
 0.00520361 0.116758 0.0136596 0.0209738 0.102957 0.01104 0.0136596 0.01104
 0.00517663 0.116366 0.013568 0.0208398 0.102591 0.0109592 0.013568 0.0109592
 0.00514985 0.115977 0.0134773 0.0206936 0.102192 0.0108714 0.0134773 0.0108714
 0.00512051 0.115553 0.0133787 0.0205487 0.101796 0.0107846 0.0133787 0.0107846
 0.00509153 0.115131 0.0132812 0.0204049 0.101403 0.0106989 0.0132812 0.0106989
 0.00506265 0.114713 0.0131848 0.0202626 0.101013 0.0106142 0.0131848 0.0106142
 0.00503411 0.114299 0.0130896 0.0201216 0.100627 0.0105306 0.0130896 0.0105306
 0.00500569 0.113888 0.0129956 0.0199819 0.100244 0.010448 0.0129956 0.010448
 0.00497759 0.113481 0.0129026 0.0198434 0.0998636 0.0103665 0.0129026 0.0103665
 0.00494962 0.113077 0.0128109 0.0197063 0.099487 0.010286 0.0128109 0.010286
 0.00492197 0.112676 0.0127202 0.0195703 0.0991135 0.0102065 0.0127202 0.0102065
 0.00489445 0.112279 0.0126306 0.0194358 0.0987432 0.010128 0.0126306 0.010128
 0.00486724 0.111886 0.0125421 0.0193024 0.0983761 0.0100504 0.0125421 0.0100504
 0.00484015 0.111495 0.0124546 0.0191704 0.0980121 0.00997387 0.0124546 0.00997387
 0.00481338 0.111108 0.0123682 0.0190264 0.0976151 0.00989072 0.0123682 0.00989072
 0.00478396 0.110686 0.0122743 0.018884 0.0972214 0.0098086 0.0122743 0.0098086
 0.00475508 0.110268 0.0121816 0.0187427 0.0968314 0.00972761 0.0121816 0.00972761
 0.00472612 0.109853 0.0120901 0.0186034 0.0964451 0.00964773 0.0120901 0.00964773
 0.00469779 0.109443 0.0119997 0.0184651 0.0960624 0.00956894 0.0119997 0.00956894
 0.00466927 0.109036 0.0119106 0.0183288 0.0956833 0.00949124 0.0119106 0.00949124
 0.00464154 0.108633 0.0118227 0.0181934 0.0953078 0.00941458 0.0118227 0.00941458
 0.00461341 0.108234 0.0117359 0.0180601 0.0949359 0.00933899 0.0117359 0.00933899
 0.0045863 0.107839 0.0116502 0.0179274 0.0945675 0.00926441 0.0116502 0.00926441
 0.00455851 0.107447 0.0115656 0.0177972 0.0942026 0.00919086 0.0115656 0.00919086
 0.00453207 0.107059 0.0114822 0.0176672 0.0938412 0.0091183 0.0114822 0.0091183
 0.00450454 0.106675 0.0113999 0.0175401 0.0934831 0.00904674 0.0113999 0.00904674
 0.00447885 0.106295 0.0113186 0.0173998 0.0930932 0.00896909 0.0113186 0.00896909
 0.00444862 0.10588 0.0112304 0.0172638 0.0927066 0.00889255 0.0112304 0.00889255
 0.00442171 0.105469 0.0111433 0.0171255 0.0923243 0.00881706 0.0111433 0.00881706
 0.00439073 0.105063 0.0110575 0.0169946 0.0919456 0.00874281 0.0110575 0.00874281
 0.0043662 0.104661 0.0109729 0.0168571 0.0915715 0.00866951 0.0109729 0.00866951
 0.00433316 0.104263 0.0108895 0.016733 0.0912003 0.0085975 0.0108895 0.0085975
 0.00431292 0.103869 0.0108073 0.0165938 0.0908345 0.00852627 0.0108073 0.00852627
 0.00427508 0.103479 0.0107262 0.0164801 0.0904704 0.00845649 0.0107262 0.00845649
 0.00426302 0.103093 0.0106463 0.0163338 0.0901132 0.00838717 0.0106463 0.00838717
 0.00421479 0.102712 0.0105676 0.0162381 0.0897553 0.00831968 0.0105676 0.00831968
 0.00421884 0.102333 0.0104899 0.016074 0.0894073 0.00825204 0.0104899 0.00825204
 0.00414889 0.101961 0.0104133 0.0160112 0.0890542 0.00818701 0.0104133 0.00818701
 0.00418521 0.101589 0.0103378 0.0157871 0.0886837 0.00811403 0.0103378 0.00811403
 0.00405886 0.10119 0.010256 0.015811 0.0882952 0.00804603 0.010256 0.00804603
 0.00419455 0.100785 0.0101753 0.0154249 0.0879472 0.00797264 0.0101753 0.00797264
 0.00389302 0.100402 0.0100958 0.0157292 0.0875431 0.00791121 0.0100958 0.00791121
 0.00432312 0.0999944 0.0100176 0.0148842 0.0872439 0.00783304 0.0100176 0.00783304
 0.0035311 0.0996402 0.00994065 0.015965 0.0867812 0.00778585 0.00994065 0.00778585
 0.00478245 0.0992084 0.00986519 0.0138318 0.0866026 0.00769134 0.00986519 0.00769134
 0.00261964 0.0989184 0.0097917 0.0170746 0.0859629 0.00768116 0.0097917 0.00768116
 0.00616279 0.0984056 0.00972164 0.0113384 0.0861074 0.00754304 0.00972164 0.00754304
 0.000172343 0.0982807 0.00965912 0.0206094 0.084969 0.00764448 0.00965912 0.00764448
 0.0101101 0.0975363 0.00961555 0.00481164 0.0860161 0.00742192 0.00961555 0.00742192
 0.0101101 0.0975363 0.00961555 0.0124961 0.0854758 0.00746227 0.00961555 0.00746227
 0.00154609 0.0976752 0.00954284 0.0153178 0.0850586 0.0074696 0.00954284 0.0074696
 0.00458885 0.0973739 0.00950273 0.0143509 0.0849706 0.00742595 0.00950273 0.00742595
 0.00360971 0.0972354 0.00946775 0.0145806 0.0847811 0.00740043 0.00946775 0.00740043
 0.00389995 0.0970479 0.00943351 0.0144362 0.0846247 0.00736974 0.00943351 0.00736974
 0.00379286 0.0968772 0.00939958 0.0144095 0.0844591 0.00734098 0.00939958 0.00734098
 0.00381016 0.0967025 0.0093659 0.0143464 0.0842976 0.00731191 0.0093659 0.00731191
 0.00378863 0.0965304 0.00933247 0.0142952 0.084136 0.00728322 0.00933247 0.00728322
 0.00377933 0.0963587 0.00929928 0.0142409 0.0839756 0.00725471 0.00929928 0.00725471
 0.0037663 0.0961881 0.00926633 0.014188 0.083816 0.00722643 0.00926633 0.00722643
 0.00375451 0.0960184 0.00923363 0.0141352 0.0836573 0.00719835 0.00923363 0.00719835
 0.00374241 0.0958496 0.00920116 0.0140828 0.0834995 0.0071705 0.00920116 0.0071705
 0.0037305 0.0956818 0.00916893 0.0140256 0.0833269 0.00714009 0.00916893 0.00714009
 0.00371739 0.0954983 0.00913374 0.0139689 0.0831552 0.00710992 0.00913374 0.00710992
 0.0037044 0.0953157 0.0090988 0.0139126 0.0829845 0.00707999 0.0090988 0.00707999
 0.00369146 0.0951341 0.00906413 0.0138568 0.0828149 0.00705031 0.00906413 0.00705031
 0.00367861 0.0949537 0.00902975 0.0138014 0.0826462 0.00702088 0.00902975 0.00702088
 0.00366582 0.0947744 0.00899563 0.0137464 0.0824786 0.00699169 0.00899563 0.00699169
 0.00365311 0.0945962 0.00896178 0.013692 0.082312 0.00696274 0.00896178 0.00696274
 0.00364047 0.094419 0.0089282 0.0136379 0.0821464 0.00693403 0.0089282 0.00693403
 0.0036279 0.0942429 0.00889489 0.0135843 0.0819818 0.00690556 0.00889489 0.00690556
 0.0036154 0.0940679 0.00886183 0.0135312 0.0818182 0.00687731 0.00886183 0.00687731
 0.00360298 0.0938939 0.00882904 0.0134784 0.0816556 0.0068493 0.00882904 0.0068493
 0.00359062 0.0937209 0.0087965 0.0134261 0.0814939 0.00682152 0.0087965 0.00682152
 0.00357833 0.093549 0.00876422 0.0133691 0.0813172 0.00679122 0.00876422 0.00679122
 0.00356486 0.093361 0.00872899 0.0133125 0.0811414 0.00676115 0.00872899 0.00676115
 0.00355151 0.0931741 0.00869403 0.0132564 0.0809668 0.00673136 0.00869403 0.00673136
 0.00353822 0.0929884 0.00865936 0.0132009 0.0807933 0.00670182 0.00865936 0.00670182
 0.00352502 0.0928039 0.00862499 0.0131458 0.080621 0.00667255 0.00862499 0.00667255
 0.0035119 0.0926206 0.00859091 0.0130913 0.0804497 0.00664354 0.00859091 0.00664354
 0.00349886 0.0924385 0.00855712 0.0130373 0.0802796 0.00661479 0.00855712 0.00661479
 0.0034859 0.0922576 0.00852362 0.0129837 0.0801106 0.00658628 0.00852362 0.00658628
 0.00347302 0.0920779 0.0084904 0.0129307 0.0799427 0.00655803 0.0084904 0.00655803
 0.00346022 0.0918993 0.00845745 0.0128781 0.0797758 0.00653002 0.00845745 0.00653002
 0.0034475 0.0917219 0.00842479 0.012826 0.07961 0.00650226 0.00842479 0.00650226
 0.00343485 0.0915456 0.00839239 0.0127744 0.0794453 0.00647474 0.00839239 0.00647474
 0.00342228 0.0913704 0.00836027 0.0127181 0.0792653 0.00644474 0.00836027 0.00644474
 0.0034085 0.091179 0.00832523 0.0126624 0.0790864 0.00641499 0.00832523 0.00641499
 0.00339487 0.0909887 0.00829048 0.0126073 0.0789087 0.00638552 0.00829048 0.00638552
 0.00338128 0.0907998 0.00825604 0.0125527 0.0787322 0.00635633 0.00825604 0.00635633
 0.00336781 0.0906122 0.00822191 0.0124987 0.078557 0.00632742 0.00822191 0.00632742
 0.00335441 0.0904259 0.0081881 0.0124452 0.078383 0.00629878 0.0081881 0.00629878
 0.00334112 0.0902409 0.00815458 0.0123923 0.0782102 0.0062704 0.00815458 0.0062704
 0.0033279 0.0900572 0.00812137 0.0123399 0.0780386 0.00624229 0.00812137 0.00624229
 0.00331478 0.0898748 0.00808846 0.0122881 0.0778681 0.00621444 0.00808846 0.00621444
 0.00330174 0.0896936 0.00805584 0.0122368 0.0776989 0.00618685 0.00805584 0.00618685
 0.00328878 0.0895137 0.00802351 0.012186 0.0775307 0.00615951 0.00802351 0.00615951
 0.00327591 0.089335 0.00799147 0.0121357 0.0773638 0.00613243 0.00799147 0.00613243
 0.00326313 0.0891575 0.00795971 0.012081 0.0771814 0.00610292 0.00795971 0.00610292
 0.00324912 0.0889637 0.00792509 0.0120269 0.0770002 0.00607367 0.00792509 0.00607367
 0.00323527 0.0887711 0.00789077 0.0119734 0.0768203 0.00604471 0.00789077 0.00604471
 0.00322146 0.0885799 0.00785678 0.0119205 0.0766417 0.00601605 0.00785678 0.00601605
 0.0032078 0.0883902 0.00782312 0.0118682 0.0764644 0.00598767 0.00782312 0.00598767
 0.00319419 0.0882019 0.00778977 0.0118165 0.0762885 0.00595957 0.00778977 0.00595957
 0.00318072 0.088015 0.00775675 0.0117654 0.0761138 0.00593174 0.00775675 0.00593174
 0.00316731 0.0878294 0.00772404 0.011715 0.0759404 0.00590419 0.00772404 0.00590419
 0.00315403 0.0876453 0.00769164 0.011665 0.0757683 0.00587691 0.00769164 0.00587691
 0.0031408 0.0874625 0.00765955 0.0116157 0.0755974 0.0058499 0.00765955 0.0058499
 0.00312771 0.087281 0.00762776 0.0115669 0.0754278 0.00582314 0.00762776 0.00582314
 0.00311467 0.0871009 0.00759626 0.0115187 0.0752594 0.00579665 0.00759626 0.00579665
 0.00310176 0.086922 0.00756506 0.0114663 0.0750754 0.0057678 0.00756506 0.0057678
 0.00308758 0.0867268 0.00753107 0.0114146 0.0748927 0.00573921 0.00753107 0.00573921
 0.00307362 0.0865329 0.00749739 0.0113634 0.0747114 0.00571093 0.00749739 0.00571093
 0.00305963 0.0863405 0.00746404 0.011313 0.0745316 0.00568294 0.00746404 0.00568294
 0.00304589 0.0861496 0.00743104 0.0112631 0.0743531 0.00565524 0.00743104 0.00565524
 0.0030321 0.0859603 0.00739836 0.011214 0.074176 0.00562783 0.00739836 0.00562783
 0.0030186 0.0857724 0.00736602 0.0111654 0.0740002 0.0056007 0.00736602 0.0056007
 0.00300498 0.085586 0.007334 0.0111176 0.0738258 0.00557385 0.007334 0.00557385
 0.00299171 0.0854011 0.00730229 0.0110702 0.0736527 0.00554727 0.00730229 0.00554727
 0.00297827 0.0852176 0.00727091 0.0110237 0.0734809 0.00552097 0.00727091 0.00552097
 0.00296524 0.0850355 0.00723983 0.0109775 0.0733105 0.00549493 0.00723983 0.00549493
 0.00295196 0.0848548 0.00720906 0.0109322 0.0731412 0.00546915 0.00720906 0.00546915
 0.00293917 0.0846756 0.00717859 0.0108825 0.0729566 0.00544109 0.00717859 0.00544109
 0.00292467 0.0844799 0.00714541 0.0108342 0.0727731 0.0054133 0.00714541 0.0054133
 0.002911 0.0842856 0.00711254 0.0107857 0.0725911 0.00538581 0.00711254 0.00538581
 0.00289646 0.084093 0.00708002 0.0107391 0.0724106 0.00535862 0.00708002 0.00535862
 0.00288335 0.0839019 0.00704784 0.0106915 0.0722316 0.00533172 0.00704784 0.00533172
 0.00286859 0.0837125 0.007016 0.0106469 0.0720539 0.00530512 0.007016 0.00530512
 0.00285631 0.0835245 0.0069845 0.0105998 0.0718778 0.00527878 0.0069845 0.00527878
 0.00284095 0.0833382 0.00695333 0.0105576 0.0717028 0.00525276 0.00695333 0.00525276
 0.00283001 0.0831533 0.00692248 0.0105104 0.0715296 0.00522696 0.00692248 0.00522696
 0.00281335 0.0829701 0.00689195 0.0104713 0.0713572 0.00520151 0.00689195 0.00520151
 0.00280465 0.0827881 0.00686174 0.0104229 0.0711869 0.00517621 0.00686174 0.00517621
 0.00278548 0.082608 0.00683184 0.0103885 0.0710169 0.00515133 0.00683184 0.00515133
 0.00278067 0.0824288 0.00680224 0.0103314 0.0708329 0.00512403 0.00680224 0.00512403
 0.00275432 0.082234 0.00677002 0.0103047 0.0706479 0.00509731 0.00677002 0.00509731
 0.00275949 0.0820396 0.00673811 0.0102316 0.0704679 0.00507041 0.00673811 0.00507041
 0.00271508 0.0818486 0.00670656 0.0102338 0.070284 0.00504457 0.00670656 0.00504457
 0.00274943 0.0816565 0.00667535 0.0101186 0.0701101 0.00501782 0.00667535 0.00501782
 0.0026595 0.0814703 0.00664449 0.0101909 0.0699242 0.00499325 0.00664449 0.00499325
 0.00276642 0.0812792 0.00661396 0.00996855 0.0697611 0.00496599 0.00661396 0.00496599
 0.0025624 0.0811 0.00658378 0.0102138 0.0695657 0.00494371 0.00658378 0.00494371
 0.00285018 0.0809061 0.00655393 0.00972169 0.0694249 0.00491433 0.00655393 0.00491433
 0.00236109 0.0807394 0.00652443 0.0103964 0.0692018 0.00489697 0.00652443 0.00489697
 0.00309961 0.080534 0.00649534 0.0092296 0.069112 0.00486165 0.00649534 0.00486165
 0.00189952 0.0803937 0.00646676 0.0109724 0.068816 0.00485604 0.00646676 0.00485604
 0.00376068 0.0801552 0.006439 0.00783841 0.0688529 0.00480216 0.006439 0.00480216
 0.000492727 0.0800689 0.00641127 0.0134788 0.0682717 0.00484271 0.00641127 0.00484271
 0.00645475 0.0796886 0.00639193 0.00300243 0.0688452 0.00474868 0.00639193 0.00474868
 0.00645475 0.0796886 0.00639193 0.00809306 0.0685547 0.00476525 0.00639193 0.00476525
 0.000803715 0.0797692 0.00636377 0.0104411 0.0682962 0.00477339 0.00636377 0.00477339
 0.00328705 0.079593 0.00634585 0.00946879 0.0682738 0.00475096 0.00634585 0.00475096
 0.00227843 0.0795314 0.00633043 0.00983081 0.0681578 0.00474213 0.00633043 0.00474213
 0.00267254 0.0794251 0.00631549 0.0096592 0.0680798 0.00472816 0.00631549 0.00472816
 0.00250548 0.0793374 0.00630069 0.00970122 0.0679872 0.00471637 0.00630069 0.00471637
 0.00256284 0.0792428 0.00628599 0.00965808 0.0679009 0.00470382 0.00628599 0.00470382
 0.00253054 0.0791516 0.00627138 0.0096492 0.0678127 0.00469166 0.00627138 0.00469166
 0.00253411 0.0790596 0.00625684 0.00962687 0.0677257 0.00467944 0.00625684 0.00467944
 0.00252339 0.0789684 0.00624238 0.00961014 0.0676387 0.00466734 0.00624238 0.00466734
 0.00251842 0.0788775 0.00622801 0.0095914 0.0675522 0.00465529 0.00622801 0.00465529
 0.0025112 0.0787871 0.00621371 0.00957369 0.067466 0.00464331 0.00621371 0.00464331
 0.00250491 0.078697 0.00619949 0.009554 0.0673715 0.0046302 0.00619949 0.0046302
 0.00249762 0.0785984 0.00618394 0.00953466 0.0672774 0.00461716 0.00618394 0.00461716
 0.00249055 0.0785001 0.00616847 0.00951542 0.0671837 0.0046042 0.00616847 0.0046042
 0.00248341 0.0784023 0.00615309 0.00949642 0.0670905 0.00459131 0.00615309 0.00459131
 0.00247636 0.078305 0.0061378 0.00947758 0.0669976 0.0045785 0.0061378 0.0045785
 0.00246931 0.0782081 0.0061226 0.00945894 0.0669051 0.00456577 0.0061226 0.00456577
 0.00246232 0.0781117 0.00610749 0.00944047 0.066813 0.00455311 0.00610749 0.00455311
 0.00245535 0.0780157 0.00609248 0.00942218 0.0667214 0.00454052 0.00609248 0.00454052
 0.00244842 0.0779202 0.00607755 0.00940408 0.0666301 0.004528 0.00607755 0.004528
 0.00244151 0.0778251 0.0060627 0.00938615 0.0665392 0.00451556 0.0060627 0.00451556
 0.00243465 0.0777304 0.00604795 0.0093684 0.0664487 0.00450319 0.00604795 0.00450319
 0.00242781 0.0776363 0.00603328 0.00935082 0.0663585 0.00449089 0.00603328 0.00449089
 0.00242101 0.0775425 0.0060187 0.00933166 0.0662598 0.00447744 0.0060187 0.00447744
 0.00241354 0.0774398 0.00600275 0.00931272 0.0661614 0.00446406 0.00600275 0.00446406
 0.00240614 0.0773376 0.00598689 0.00929396 0.0660635 0.00445077 0.00598689 0.00445077
 0.00239875 0.0772359 0.00597113 0.00927542 0.065966 0.00443755 0.00597113 0.00443755
 0.00239142 0.0771346 0.00595547 0.00925706 0.065869 0.00442442 0.00595547 0.00442442
 0.00238411 0.0770339 0.00593991 0.00923892 0.0657724 0.00441137 0.00593991 0.00441137
 0.00237685 0.0769337 0.00592445 0.00922096 0.0656762 0.0043984 0.00592445 0.0043984
 0.00236962 0.076834 0.00590908 0.0092032 0.0655805 0.0043855 0.00590908 0.0043855
 0.00236243 0.0767348 0.00589381 0.00918563 0.0654852 0.00437269 0.00589381 0.00437269
 0.00235527 0.0766361 0.00587863 0.00916825 0.0653903 0.00435995 0.00587863 0.00435995
 0.00234816 0.0765378 0.00586355 0.00915105 0.0652959 0.00434729 0.00586355 0.00434729
 0.00234107 0.0764401 0.00584856 0.00913404 0.0652018 0.00433471 0.00584856 0.00433471
 0.00233403 0.0763428 0.00583366 0.00911552 0.0650988 0.00432095 0.00583366 0.00432095
 0.0023263 0.0762363 0.00581738 0.00909723 0.0649962 0.00430726 0.00581738 0.00430726
 0.00231864 0.0761302 0.00580119 0.00907913 0.0648941 0.00429367 0.00580119 0.00429367
 0.00231099 0.0760248 0.0057851 0.00906126 0.0647924 0.00428016 0.0057851 0.00428016
 0.00230341 0.0759198 0.00576913 0.00904359 0.0646912 0.00426674 0.00576913 0.00426674
 0.00229585 0.0758155 0.00575326 0.00902614 0.0645905 0.00425341 0.00575326 0.00425341
 0.00228835 0.0757116 0.00573749 0.00900888 0.0644903 0.00424016 0.00573749 0.00424016
 0.00228087 0.0756084 0.00572183 0.00899184 0.0643905 0.00422699 0.00572183 0.00422699
 0.00227345 0.0755056 0.00570627 0.00897499 0.0642912 0.00421391 0.00570627 0.00421391
 0.00226606 0.0754034 0.00569081 0.00895834 0.0641924 0.00420091 0.00569081 0.00420091
 0.00225871 0.0753018 0.00567546 0.00894189 0.064094 0.00418799 0.00567546 0.00418799
 0.0022514 0.0752006 0.0056602 0.00892563 0.063996 0.00417516 0.0056602 0.00417516
 0.00224414 0.0751 0.00564504 0.00890793 0.0638888 0.00416112 0.00564504 0.00416112
 0.00223616 0.0749898 0.00562848 0.00889049 0.0637819 0.00414717 0.00562848 0.00414717
 0.00222827 0.0748802 0.00561201 0.00887323 0.0636756 0.00413331 0.00561201 0.00413331
 0.00222038 0.0747712 0.00559566 0.00885624 0.0635697 0.00411955 0.00559566 0.00411955
 0.00221258 0.0746627 0.00557942 0.00883941 0.0634644 0.00410587 0.00557942 0.00410587
 0.00220477 0.0745549 0.0055633 0.00882286 0.0633596 0.00409229 0.0055633 0.00409229
 0.00219707 0.0744477 0.00554729 0.00880646 0.0632554 0.00407879 0.00554729 0.00407879
 0.00218935 0.0743411 0.00553139 0.00879033 0.0631516 0.00406539 0.00553139 0.00406539
 0.00218174 0.074235 0.00551559 0.00877434 0.0630483 0.00405207 0.00551559 0.00405207
 0.00217411 0.0741295 0.00549991 0.00875862 0.0629454 0.00403884 0.00549991 0.00403884
 0.00216659 0.0740246 0.00548434 0.00874303 0.0628431 0.0040257 0.00548434 0.0040257
 0.00215904 0.0739203 0.00546887 0.00872772 0.0627412 0.00401264 0.00546887 0.00401264
 0.00215161 0.0738165 0.0054535 0.00871098 0.0626297 0.00399836 0.0054535 0.00399836
 0.00214337 0.0737029 0.00543672 0.00869461 0.0625186 0.00398417 0.00543672 0.00398417
 0.00213533 0.0735899 0.00542003 0.00867827 0.0624081 0.00397008 0.00542003 0.00397008
 0.00212714 0.0734775 0.00540347 0.00866241 0.0622981 0.00395609 0.00540347 0.00395609
 0.00211926 0.0733658 0.00538703 0.00864645 0.0621887 0.00394219 0.00538703 0.00394219
 0.0021111 0.0732548 0.00537072 0.0086311 0.0620797 0.00392839 0.00537072 0.00392839
 0.00210339 0.0731443 0.00535452 0.00861549 0.0619714 0.00391468 0.00535452 0.00391468
 0.00209523 0.0730345 0.00533843 0.00860069 0.0618635 0.00390107 0.00533843 0.00390107
 0.00208775 0.0729253 0.00532247 0.00858533 0.0617562 0.00388754 0.00532247 0.00388754
 0.00207952 0.0728168 0.00530661 0.00857114 0.0616494 0.00387412 0.00530661 0.00387412
 0.00207234 0.0727089 0.00529087 0.00855594 0.0615432 0.00386077 0.00529087 0.00386077
 0.00206394 0.0726015 0.00527524 0.00854247 0.0614373 0.00384752 0.00527524 0.00384752
 0.00205719 0.0724948 0.00525973 0.00852571 0.0613216 0.00383303 0.00525973 0.00383303
 0.00204756 0.0723781 0.00524278 0.00851219 0.0612061 0.00381865 0.00524278 0.00381865
 0.00204113 0.0722619 0.00522594 0.00849441 0.0610915 0.00380433 0.00522594 0.00380433
 0.00203008 0.0721464 0.00520923 0.0084835 0.0609771 0.00379018 0.00520923 0.00379018
 0.00202601 0.0720315 0.00519265 0.00846294 0.0608639 0.00377603 0.00519265 0.00377603
 0.00201171 0.0719176 0.00517619 0.00845725 0.0607503 0.00376212 0.00517619 0.00376212
 0.00201273 0.0718039 0.00515986 0.00843003 0.0606386 0.00374811 0.00515986 0.00374811
 0.00199114 0.0716916 0.00514365 0.00843528 0.0605255 0.00373449 0.00514365 0.00373449
 0.00200324 0.071579 0.00512756 0.00839287 0.0604159 0.00372052 0.00512756 0.00372052
 0.00196549 0.0714684 0.00511159 0.00842163 0.0603025 0.00370732 0.00511159 0.00370732
 0.00200178 0.0713564 0.00509574 0.00834537 0.060196 0.00369321 0.00509574 0.00369321
 0.00192843 0.0712481 0.00508001 0.00842526 0.0600807 0.00368067 0.00508001 0.00368067
 0.0020177 0.071136 0.0050644 0.00825912 0.0599697 0.00366458 0.0050644 0.00366458
 0.001851 0.0710206 0.00504735 0.0085076 0.0598343 0.00365252 0.00504735 0.00365252
 0.00211615 0.070894 0.00503043 0.00803929 0.0597424 0.00363378 0.00503043 0.00363378
 0.00163437 0.0707886 0.00501369 0.00881152 0.0595772 0.00362708 0.00501369 0.00362708
 0.00244465 0.0706487 0.00499721 0.00743903 0.0595403 0.00360039 0.00499721 0.00360039
 0.00102104 0.0705705 0.00498124 0.00977481 0.0592844 0.00361018 0.00498124 0.00361018
 0.00345879 0.0703886 0.00496652 0.00570256 0.0594096 0.00356202 0.00496652 0.00356202
 -0.000775497 0.0703896 0.0049553 0.0127014 0.0588851 0.00362878 0.0049553 0.00362878
 0.00651499 0.070084 0.00495421 0.00058041 0.0594973 0.00354027 0.00495421 0.00354027
 0.00651499 0.070084 0.00495421 0.00647025 0.0591874 0.00354501 0.00495421 0.00354501
 3.17698e-005 0.0701938 0.00492717 0.00886603 0.0589878 0.00355817 0.00492717 0.00355817
 0.00252774 0.0700688 0.00491602 0.00803064 0.0589794 0.00354306 0.00491602 0.00354306
 0.00166117 0.0700356 0.00490775 0.00830815 0.0589059 0.00353893 0.00490775 0.00353893
 0.00195234 0.0699716 0.00489984 0.00820504 0.0588549 0.00353122 0.00489984 0.00353122
 0.00184751 0.0699185 0.00489201 0.00823208 0.0587964 0.00352479 0.00489201 0.00352479
 0.00187803 0.0698618 0.0048842 0.00821472 0.0587407 0.00351795 0.0048842 0.00351795
 0.00186233 0.0698066 0.00487643 0.00821258 0.0586842 0.00351128 0.00487643 0.00351128
 0.00186243 0.0697512 0.00486869 0.0082053 0.0586281 0.00350458 0.00486869 0.00350458
 0.00185716 0.069696 0.00486098 0.00819984 0.0585721 0.00349793 0.00486098 0.00349793
 0.00185374 0.0696409 0.0048533 0.00819381 0.0585163 0.00349129 0.0048533 0.00349129
 0.0018497 0.0695861 0.00484564 0.00818803 0.0584605 0.00348468 0.00484564 0.00348468
 0.00184589 0.0695313 0.00483801 0.00818164 0.0583994 0.00347743 0.00483801 0.00347743
 0.00184162 0.0694713 0.00482966 0.00817533 0.0583383 0.0034702 0.00482966 0.0034702
 0.00183741 0.0694114 0.00482133 0.00816905 0.0582774 0.00346299 0.00482133 0.00346299
 0.00183319 0.0693518 0.00481303 0.00816283 0.0582167 0.00345582 0.00481303 0.00345582
 0.001829 0.0692923 0.00480477 0.00815666 0.0581561 0.00344867 0.00480477 0.00344867
 0.00182482 0.069233 0.00479654 0.00815053 0.0580957 0.00344154 0.00479654 0.00344154
 0.00182065 0.0691739 0.00478834 0.00814445 0.0580354 0.00343444 0.00478834 0.00343444
 0.0018165 0.069115 0.00478018 0.00813841 0.0579753 0.00342737 0.00478018 0.00342737
 0.00181237 0.0690562 0.00477205 0.00813242 0.0579154 0.00342033 0.00477205 0.00342033
 0.00180824 0.0689977 0.00476395 0.00812648 0.0578556 0.00341331 0.00476395 0.00341331
 0.00180414 0.0689393 0.00475588 0.00812058 0.0577959 0.00340631 0.00475588 0.00340631
 0.00180004 0.0688811 0.00474785 0.00811473 0.0577364 0.00339934 0.00474785 0.00339934
 0.00179596 0.0688231 0.00473985 0.00810832 0.0576711 0.0033917 0.00473985 0.0033917
 0.00179148 0.0687595 0.00473108 0.00810199 0.0576059 0.00338409 0.00473108 0.00338409
 0.00178703 0.0686961 0.00472234 0.00809569 0.057541 0.0033765 0.00472234 0.0033765
 0.00178259 0.0686328 0.00471365 0.00808945 0.0574761 0.00336895 0.00471365 0.00336895
 0.00177816 0.0685698 0.00470498 0.00808325 0.0574115 0.00336142 0.00470498 0.00336142
 0.00177376 0.068507 0.00469636 0.00807711 0.057347 0.00335392 0.00469636 0.00335392
 0.00176937 0.0684445 0.00468777 0.00807101 0.0572828 0.00334646 0.00468777 0.00334646
 0.00176499 0.0683821 0.00467922 0.00806497 0.0572186 0.00333902 0.00467922 0.00333902
 0.00176064 0.0683199 0.00467071 0.00805897 0.0571547 0.00333161 0.00467071 0.00333161
 0.00175629 0.068258 0.00466223 0.00805301 0.0570909 0.00332422 0.00466223 0.00332422
 0.00175197 0.0681962 0.00465379 0.0080471 0.0570273 0.00331687 0.00465379 0.00331687
 0.00174766 0.0681347 0.00464539 0.00804124 0.0569639 0.00330955 0.00464539 0.00330955
 0.00174337 0.0680733 0.00463702 0.00803483 0.0568943 0.00330152 0.00463702 0.00330152
 0.00173866 0.0680061 0.00462785 0.00802849 0.0568248 0.00329352 0.00462785 0.00329352
 0.00173398 0.067939 0.00461872 0.00802219 0.0567556 0.00328555 0.00461872 0.00328555
 0.0017293 0.0678722 0.00460962 0.00801594 0.0566865 0.00327762 0.00460962 0.00327762
 0.00172465 0.0678056 0.00460057 0.00800974 0.0566176 0.00326971 0.00460057 0.00326971
 0.00172002 0.0677392 0.00459156 0.0080036 0.056549 0.00326184 0.00459156 0.00326184
 0.00171541 0.0676731 0.0045826 0.0079975 0.0564805 0.00325401 0.0045826 0.00325401
 0.00171081 0.0676073 0.00457367 0.00799146 0.0564122 0.0032462 0.00457367 0.0032462
 0.00170624 0.0675416 0.00456478 0.00798545 0.0563441 0.00323843 0.00456478 0.00323843
 0.00170168 0.0674762 0.00455594 0.0079795 0.0562762 0.00323069 0.00455594 0.00323069
 0.00169714 0.067411 0.00454713 0.00797359 0.0562085 0.00322298 0.00454713 0.00322298
 0.00169262 0.0673461 0.00453836 0.00796773 0.056141 0.0032153 0.00453836 0.0032153
 0.00168812 0.0672814 0.00452963 0.00796132 0.056067 0.00320689 0.00452963 0.00320689
 0.00168317 0.0672105 0.00452008 0.00795498 0.055993 0.0031985 0.00452008 0.0031985
 0.00167827 0.0671397 0.00451056 0.00794868 0.0559193 0.00319015 0.00451056 0.00319015
 0.00167336 0.0670692 0.00450108 0.00794244 0.0558459 0.00318184 0.00450108 0.00318184
 0.0016685 0.066999 0.00449165 0.00793623 0.0557726 0.00317357 0.00449165 0.00317357
 0.00166364 0.0669291 0.00448227 0.0079301 0.0556996 0.00316533 0.00448227 0.00316533
 0.00165881 0.0668594 0.00447293 0.00792399 0.0556267 0.00315712 0.00447293 0.00315712
 0.00165399 0.06679 0.00446364 0.00791795 0.0555541 0.00314896 0.00446364 0.00314896
 0.00164921 0.0667209 0.00445439 0.00791194 0.0554818 0.00314082 0.00445439 0.00314082
 0.00164443 0.066652 0.00444519 0.00790599 0.0554096 0.00313273 0.00444519 0.00313273
 0.0016397 0.0665833 0.00443603 0.00790008 0.0553376 0.00312466 0.00443603 0.00312466
 0.00163496 0.066515 0.00442692 0.00789422 0.0552659 0.00311663 0.00442692 0.00311663
 0.00163026 0.0664469 0.00441784 0.00788779 0.0551872 0.00310784 0.00441784 0.00310784
 0.00162508 0.0663722 0.00440791 0.00788147 0.0551086 0.00309908 0.00440791 0.00309908
 0.00161997 0.0662978 0.00439802 0.00787513 0.0550303 0.00309035 0.00439802 0.00309035
 0.00161482 0.0662236 0.00438818 0.00786891 0.0549523 0.00308167 0.00438818 0.00308167
 0.00160977 0.0661498 0.00437839 0.00786266 0.0548745 0.00307303 0.00437839 0.00307303
 0.00160466 0.0660762 0.00436864 0.00785655 0.0547969 0.00306443 0.00436864 0.00306443
 0.00159966 0.066003 0.00435895 0.00785038 0.0547196 0.00305586 0.00435895 0.00305586
 0.00159458 0.06593 0.00434931 0.00784438 0.0546425 0.00304734 0.00434931 0.00304734
 0.00158965 0.0658574 0.00433972 0.00783829 0.0545657 0.00303885 0.00433972 0.00303885
 0.0015846 0.065785 0.00433017 0.0078324 0.0544891 0.0030304 0.00433017 0.0030304
 0.00157974 0.0657129 0.00432068 0.00782636 0.0544127 0.00302199 0.00432068 0.00302199
 0.0015747 0.0656411 0.00431123 0.00782059 0.0543366 0.00301362 0.00431123 0.00301362
 0.00156992 0.0655695 0.00430183 0.00781399 0.0542531 0.00300446 0.00430183 0.00300446
 0.00156437 0.0654912 0.00429154 0.00780784 0.0541698 0.00299532 0.00429154 0.00299532
 0.00155927 0.065413 0.00428129 0.00780117 0.0540867 0.00298623 0.00428129 0.00298623
 0.0015536 0.0653352 0.0042711 0.00779533 0.0540039 0.00297719 0.0042711 0.00297719
 0.00154877 0.0652577 0.00426097 0.00778845 0.0539214 0.00296818 0.00426097 0.00296818
 0.00154284 0.0651806 0.00425089 0.00778312 0.0538392 0.00295923 0.00425089 0.00295923
 0.0015385 0.0651037 0.00424086 0.00777574 0.0537573 0.00295031 0.00424086 0.00295031
 0.00153202 0.0650272 0.00423089 0.00777131 0.0536755 0.00294145 0.00423089 0.00294145
 0.00152857 0.064951 0.00422097 0.00776289 0.0535942 0.0029326 0.00422097 0.0029326
 0.00152098 0.0648752 0.0042111 0.00776011 0.0535128 0.00292384 0.0042111 0.00292384
 0.00151919 0.0647995 0.00420129 0.0077496 0.0534322 0.00291505 0.00420129 0.00291505
 0.00150942 0.0647244 0.00419153 0.00774989 0.0533512 0.00290641 0.00419153 0.00290641
 0.00151077 0.0646493 0.00418182 0.00773384 0.0532633 0.00289679 0.00418182 0.00289679
 0.00149535 0.0645674 0.00417119 0.00774287 0.0531742 0.00288745 0.00417119 0.00288745
 0.00150578 0.0644852 0.00416061 0.00771126 0.0530876 0.00287775 0.00416061 0.00287775
 0.00147429 0.0644043 0.00415009 0.00774577 0.0529978 0.00286877 0.00415009 0.00286877
 0.00151096 0.0643223 0.00413963 0.00767301 0.0529139 0.00285875 0.00413963 0.00285875
 0.00143702 0.0642431 0.00412924 0.00777452 0.0528213 0.00285054 0.00412924 0.00285054
 0.00154272 0.0641601 0.0041189 0.00759328 0.0527435 0.00283953 0.0041189 0.00283953
 0.00135697 0.0640842 0.00410863 0.00787092 0.0526427 0.0028332 0.00410863 0.0028332
 0.00164413 0.0639978 0.00409842 0.00740431 0.0525798 0.00281946 0.00409842 0.00281946
 0.00116435 0.0639293 0.00408831 0.0081447 0.0524563 0.002818 0.00408831 0.002818
 0.00192817 0.0638328 0.00407835 0.00692844 0.0524317 0.00279709 0.00407835 0.00279709
 0.000676267 0.0637826 0.00406868 0.00888336 0.0522482 0.00280878 0.00406868 0.00280878
 0.00269078 0.0636588 0.00405968 0.00538217 0.0523307 0.00276747 0.00405968 0.00276747
 -0.000913793 0.0636555 0.00405286 0.011954 0.0519116 0.00283771 0.00405286 0.00283771
 -0.000913793 0.0636555 0.00405286 0.00876419 0.0521136 0.00279264 0.00405286 0.00279264
 0.00256906 0.0635328 0.00404302 0.00718695 0.0521458 0.00277084 0.00404302 0.00277084
 0.000946019 0.0635267 0.00403654 0.00785366 0.0520663 0.00277258 0.00403654 0.00277258
 0.00163285 0.063469 0.00403098 0.00756654 0.0520345 0.00276484 0.00403098 0.00276484
 0.00133788 0.0634335 0.0040256 0.00768345 0.0519826 0.00276123 0.0040256 0.00276123
 0.00145875 0.0633887 0.00402026 0.00762933 0.0519393 0.0027559 0.00402026 0.0027559
 0.0014036 0.063348 0.00401494 0.0076476 0.0518925 0.00275132 0.00401494 0.00275132
 0.00142294 0.0633057 0.00400964 0.00763526 0.0518473 0.00274644 0.00400964 0.00274644
 0.00141078 0.0632643 0.00400436 0.00763588 0.0518016 0.00274171 0.00400436 0.00274171
 0.00141195 0.0632226 0.00399909 0.00763104 0.0517562 0.00273694 0.00399909 0.00273694
 0.0014075 0.0631811 0.00399384 0.00762851 0.0517108 0.0027322 0.00399384 0.0027322
 0.00140544 0.0631397 0.0039886 0.00762501 0.0516654 0.00272746 0.0039886 0.00272746
 0.00140238 0.0630984 0.00398338 0.00762163 0.0516157 0.00272227 0.00398338 0.00272227
 0.00139948 0.0630531 0.00397765 0.00761805 0.051566 0.00271708 0.00397765 0.00271708
 0.00139638 0.0630078 0.00397194 0.00761459 0.0515164 0.00271192 0.00397194 0.00271192
 0.00139341 0.0629627 0.00396624 0.00761108 0.0514668 0.00270676 0.00396624 0.00270676
 0.00139038 0.0629176 0.00396056 0.00760761 0.0514174 0.00270163 0.00396056 0.00270163
 0.0013874 0.0628727 0.0039549 0.00760413 0.0513681 0.0026965 0.0039549 0.0026965
 0.0013844 0.0628279 0.00394926 0.00760067 0.0513189 0.0026914 0.00394926 0.0026914
 0.00138143 0.0627832 0.00394364 0.00759721 0.0512697 0.0026863 0.00394364 0.0026863
 0.00137846 0.0627386 0.00393803 0.00759376 0.0512207 0.00268122 0.00393803 0.00268122
 0.0013755 0.0626941 0.00393245 0.00759032 0.0511717 0.00267616 0.00393245 0.00267616
 0.00137255 0.0626498 0.00392688 0.00758689 0.0511229 0.00267111 0.00392688 0.00267111
 0.00136961 0.0626055 0.00392132 0.00758347 0.0510741 0.00266607 0.00392132 0.00266607
 0.00136667 0.0625613 0.00391579 0.0075797 0.0510206 0.00266055 0.00391579 0.00266055
 0.00136345 0.0625129 0.00390972 0.00757596 0.0509671 0.00265504 0.00390972 0.00265504
 0.00136025 0.0624645 0.00390367 0.00757221 0.0509137 0.00264955 0.00390367 0.00264955
 0.00135704 0.0624163 0.00389763 0.00756848 0.0508605 0.00264407 0.00389763 0.00264407
 0.00135386 0.0623682 0.00389162 0.00756475 0.0508073 0.00263861 0.00389162 0.00263861
 0.00135068 0.0623202 0.00388563 0.00756103 0.0507543 0.00263317 0.00388563 0.00263317
 0.00134751 0.0622723 0.00387966 0.00755732 0.0507013 0.00262774 0.00387966 0.00262774
 0.00134435 0.0622246 0.0038737 0.00755362 0.0506485 0.00262233 0.0038737 0.00262233
 0.00134121 0.062177 0.00386777 0.00754993 0.0505958 0.00261694 0.00386777 0.00261694
 0.00133807 0.0621295 0.00386186 0.00754624 0.0505432 0.00261156 0.00386186 0.00261156
 0.00133494 0.0620821 0.00385597 0.00754256 0.0504907 0.0026062 0.00385597 0.0026062
 0.00133182 0.0620349 0.0038501 0.00753889 0.0504383 0.00260086 0.0038501 0.00260086
 0.00132872 0.0619878 0.00384425 0.00753485 0.0503808 0.002595 0.00384425 0.002595
 0.0013253 0.0619361 0.00383783 0.00753083 0.0503234 0.00258916 0.00383783 0.00258916
 0.00132191 0.0618845 0.00383144 0.00752681 0.0502661 0.00258333 0.00383144 0.00258333
 0.00131852 0.061833 0.00382506 0.0075228 0.0502089 0.00257752 0.00382506 0.00257752
 0.00131515 0.0617817 0.00381871 0.00751879 0.0501518 0.00257174 0.00381871 0.00257174
 0.00131179 0.0617306 0.00381238 0.0075148 0.0500949 0.00256597 0.00381238 0.00256597
 0.00130844 0.0616796 0.00380608 0.00751081 0.0500381 0.00256022 0.00380608 0.00256022
 0.0013051 0.0616287 0.0037998 0.00750683 0.0499814 0.00255449 0.0037998 0.00255449
 0.00130178 0.061578 0.00379354 0.00750285 0.0499248 0.00254878 0.00379354 0.00254878
 0.00129846 0.0615274 0.0037873 0.00749889 0.0498684 0.00254309 0.0037873 0.00254309
 0.00129516 0.0614769 0.00378109 0.00749493 0.0498121 0.00253742 0.00378109 0.00253742
 0.00129186 0.0614266 0.0037749 0.00749097 0.0497559 0.00253176 0.0037749 0.00253176
 0.00128859 0.0613765 0.00376873 0.00748662 0.0496942 0.00252557 0.00376873 0.00252557
 0.00128498 0.0613214 0.00376197 0.00748229 0.0496326 0.00251938 0.00376197 0.00251938
 0.00128141 0.0612665 0.00375523 0.00747795 0.0495712 0.00251322 0.00375523 0.00251322
 0.00127782 0.0612118 0.00374851 0.00747363 0.0495099 0.00250708 0.00374851 0.00250708
 0.00127428 0.0611572 0.00374182 0.0074693 0.0494487 0.00250097 0.00374182 0.00250097
 0.00127072 0.0611028 0.00373516 0.007465 0.0493877 0.00249487 0.00373516 0.00249487
 0.0012672 0.0610485 0.00372852 0.00746068 0.0493269 0.0024888 0.00372852 0.0024888
 0.00126367 0.0609944 0.00372191 0.00745639 0.0492661 0.00248275 0.00372191 0.00248275
 0.00126018 0.0609405 0.00371533 0.00745208 0.0492056 0.00247672 0.00371533 0.00247672
 0.00125667 0.0608867 0.00370877 0.00744781 0.0491451 0.00247071 0.00370877 0.00247071
 0.00125321 0.0608331 0.00370223 0.0074435 0.0490848 0.00246473 0.00370223 0.00246473
 0.00124972 0.0607796 0.00369572 0.00743925 0.0490247 0.00245876 0.00369572 0.00245876
 0.0012463 0.0607263 0.00368924 0.00743451 0.0489587 0.00245222 0.00368924 0.00245222
 0.00124247 0.0606679 0.00368214 0.00742986 0.0488927 0.0024457 0.00368214 0.0024457
 0.00123876 0.0606095 0.00367505 0.0074251 0.048827 0.00243921 0.00367505 0.00243921
 0.00123493 0.0605514 0.003668 0.0074205 0.0487614 0.00243274 0.003668 0.00243274
 0.00123128 0.0604934 0.00366097 0.0074157 0.048696 0.00242629 0.00366097 0.00242629
 0.00122744 0.0604357 0.00365398 0.00741117 0.0486307 0.00241987 0.00365398 0.00241987
 0.00122388 0.0603781 0.00364701 0.0074063 0.0485656 0.00241347 0.00364701 0.00241347
 0.00121999 0.0603207 0.00364007 0.00740188 0.0485007 0.0024071 0.00364007 0.0024071
 0.00121656 0.0602635 0.00363316 0.00739689 0.0484359 0.00240075 0.00363316 0.00240075
 0.00121257 0.0602064 0.00362628 0.00739265 0.0483713 0.00239444 0.00362628 0.00239444
 0.00120935 0.0601496 0.00361943 0.00738745 0.0483069 0.00238813 0.00361943 0.00238813
 0.00120516 0.0600929 0.00361261 0.0073835 0.0482426 0.00238187 0.00361261 0.00238187
 0.00120226 0.0600364 0.00360581 0.00737737 0.0481721 0.00237498 0.00360581 0.00237498
 0.00119725 0.0599745 0.00359837 0.00737381 0.0481016 0.00236814 0.00359837 0.00236814
 0.00119489 0.0599126 0.00359095 0.00736632 0.0480315 0.00236129 0.00359095 0.00236129
 0.00118852 0.059851 0.00358356 0.00736485 0.0479613 0.00235453 0.00358356 0.00235453
 0.00118833 0.0597896 0.00357621 0.00735419 0.0478917 0.0023477 0.00357621 0.0023477
 0.00117874 0.0597285 0.00356888 0.00735758 0.0478217 0.00234105 0.00356888 0.00234105
 0.00118354 0.0596673 0.00356159 0.00733951 0.0477528 0.0023342 0.00356159 0.0023342
 0.00116642 0.0596068 0.00355434 0.00735422 0.0476826 0.00232772 0.00355434 0.00232772
 0.0011828 0.0595459 0.00354711 0.0073189 0.0476149 0.00232074 0.00354711 0.00232074
 0.00114809 0.0594861 0.00353992 0.00735994 0.0475439 0.00231459 0.00353992 0.00231459
 0.00119139 0.0594251 0.00353276 0.00728448 0.0474783 0.00230726 0.00353276 0.00230726
 0.00111573 0.0593665 0.00352563 0.00738673 0.0474051 0.0023018 0.00352563 0.0023018
 0.00122154 0.0593046 0.00351853 0.00720111 0.0473379 0.00229273 0.00351853 0.00229273
 0.00103359 0.0592427 0.00351077 0.00751561 0.0472486 0.00228892 0.00351077 0.00228892
 0.00135624 0.059171 0.00350305 0.00694084 0.0471989 0.00227591 0.00350305 0.00227591
 0.000771135 0.0591171 0.00349543 0.00794708 0.0470798 0.00227966 0.00349543 0.00227966
 0.00179976 0.0590324 0.00348806 0.00614324 0.0470845 0.00225469 0.00348806 0.00225469
 -3.94697e-005 0.0590032 0.00348138 0.00933279 0.0468705 0.00228395 0.00348138 0.00228395
 0.00321672 0.0588767 0.00347681 0.00365161 0.0470462 0.00222668 0.00347681 0.00222668
 0.00321672 0.0588767 0.00347681 0.00640971 0.046961 0.00224642 0.00347681 0.00224642
 0.000235148 0.0589011 0.0034694 0.00760828 0.0468718 0.00225485 0.0034694 0.00225485
 0.00145869 0.0588458 0.00346495 0.00716033 0.0468547 0.00224663 0.00346495 0.00224663
 0.00100267 0.0588228 0.00346112 0.00732132 0.046811 0.00224487 0.00346112 0.00224487
 0.00116771 0.0587879 0.00345739 0.00725834 0.0467772 0.00224079 0.00345739 0.00224079
 0.00110434 0.0587575 0.00345367 0.00727769 0.0467399 0.00223758 0.00345367 0.00223758
 0.00112492 0.0587256 0.00344996 0.00726679 0.0467039 0.00223406 0.00344996 0.00223406
 0.00111467 0.0586943 0.00344626 0.007267 0.0466675 0.00223066 0.00344626 0.00223066
 0.00111575 0.0586628 0.00344257 0.00726313 0.0466313 0.00222723 0.00344257 0.00222723
 0.00111267 0.0586315 0.00343889 0.00726076 0.0465951 0.00222382 0.00343889 0.00222382
 0.00111113 0.0586002 0.00343522 0.00725784 0.046559 0.00222042 0.00343522 0.00222042
 0.00110903 0.058569 0.00343156 0.00725512 0.0465229 0.00221702 0.00343156 0.00221702
 0.00110714 0.0585378 0.0034279 0.00725205 0.0464833 0.00221329 0.0034279 0.00221329
 0.00110498 0.0585036 0.00342389 0.00724901 0.0464437 0.00220957 0.00342389 0.00220957
 0.00110286 0.0584694 0.00341988 0.00724596 0.0464042 0.00220586 0.00341988 0.00220586
 0.00110073 0.0584352 0.00341589 0.00724291 0.0463648 0.00220215 0.00341589 0.00220215
 0.00109861 0.0584012 0.0034119 0.00723986 0.0463254 0.00219845 0.0034119 0.00219845
 0.00109649 0.0583671 0.00340793 0.00723682 0.046286 0.00219477 0.00340793 0.00219477
 0.00109439 0.0583332 0.00340396 0.00723377 0.0462467 0.00219109 0.00340396 0.00219109
 0.00109228 0.0582993 0.00340001 0.00723072 0.0462075 0.00218742 0.00340001 0.00218742
 0.00109018 0.0582655 0.00339606 0.00722768 0.0461684 0.00218376 0.00339606 0.00218376
 0.00108809 0.0582318 0.00339213 0.00722463 0.0461293 0.00218011 0.00339213 0.00218011
 0.00108601 0.0581981 0.0033882 0.00722158 0.0460903 0.00217646 0.0033882 0.00217646
 0.00108392 0.0581645 0.00338428 0.00721854 0.0460513 0.00217283 0.00338428 0.00217283
 0.00108185 0.058131 0.00338038 0.00721519 0.0460085 0.00216884 0.00338038 0.00216884
 0.00107957 0.0580941 0.00337609 0.00721184 0.0459657 0.00216486 0.00337609 0.00216486
 0.0010773 0.0580573 0.00337181 0.00720848 0.0459231 0.00216089 0.00337181 0.00216089
 0.00107503 0.0580206 0.00336755 0.00720513 0.0458804 0.00215693 0.00336755 0.00215693
 0.00107277 0.057984 0.00336329 0.00720178 0.0458379 0.00215298 0.00336329 0.00215298
 0.00107051 0.0579474 0.00335905 0.00719843 0.0457954 0.00214904 0.00335905 0.00214904
 0.00106826 0.0579109 0.00335482 0.00719508 0.045753 0.00214511 0.00335482 0.00214511
 0.00106602 0.0578745 0.0033506 0.00719172 0.0457107 0.00214119 0.0033506 0.00214119
 0.00106379 0.0578382 0.00334639 0.00718837 0.0456684 0.00213728 0.00334639 0.00213728
 0.00106156 0.0578019 0.00334219 0.00718502 0.0456263 0.00213338 0.00334219 0.00213338
 0.00105934 0.0577657 0.003338 0.00718167 0.0455842 0.00212949 0.003338 0.00212949
 0.00105712 0.0577296 0.00333383 0.00717832 0.0455421 0.00212561 0.00333383 0.00212561
 0.00105491 0.0576936 0.00332967 0.00717463 0.045496 0.00212136 0.00332967 0.00212136
 0.00105248 0.0576541 0.0033251 0.00717094 0.0454498 0.00211711 0.0033251 0.00211711
 0.00105007 0.0576145 0.00332054 0.00716725 0.0454038 0.00211288 0.00332054 0.00211288
 0.00104765 0.0575751 0.00331599 0.00716356 0.0453579 0.00210865 0.00331599 0.00210865
 0.00104525 0.0575358 0.00331146 0.00715987 0.045312 0.00210444 0.00331146 0.00210444
 0.00104285 0.0574966 0.00330694 0.00715618 0.0452662 0.00210024 0.00330694 0.00210024
 0.00104047 0.0574574 0.00330244 0.00715249 0.0452205 0.00209605 0.00330244 0.00209605
 0.00103808 0.0574183 0.00329794 0.0071488 0.0451749 0.00209188 0.00329794 0.00209188
 0.00103571 0.0573794 0.00329346 0.00714511 0.0451294 0.00208771 0.00329346 0.00208771
 0.00103334 0.0573405 0.003289 0.00714142 0.045084 0.00208356 0.003289 0.00208356
 0.00103098 0.0573017 0.00328454 0.00713773 0.0450386 0.00207942 0.00328454 0.00207942
 0.00102863 0.057263 0.0032801 0.00713404 0.0449933 0.00207529 0.0032801 0.00207529
 0.00102629 0.0572243 0.00327568 0.00712997 0.0449436 0.00207077 0.00327568 0.00207077
 0.00102371 0.0571819 0.00327082 0.00712592 0.044894 0.00206625 0.00327082 0.00206625
 0.00102115 0.0571396 0.00326598 0.00712185 0.0448444 0.00206174 0.00326598 0.00206174
 0.00101859 0.0570974 0.00326115 0.00711779 0.044795 0.00205725 0.00326115 0.00205725
 0.00101604 0.0570552 0.00325633 0.00711372 0.0447456 0.00205277 0.00325633 0.00205277
 0.0010135 0.0570132 0.00325153 0.00710966 0.0446963 0.00204831 0.00325153 0.00204831
 0.00101097 0.0569712 0.00324674 0.00710559 0.0446472 0.00204386 0.00324674 0.00204386
 0.00100844 0.0569294 0.00324198 0.00710153 0.0445981 0.00203943 0.00324198 0.00203943
 0.00100594 0.0568877 0.00323722 0.00709746 0.0445492 0.002035 0.00323722 0.002035
 0.00100342 0.0568461 0.00323248 0.0070934 0.0445003 0.0020306 0.00323248 0.0020306
 0.00100093 0.0568045 0.00322776 0.00708933 0.0444516 0.0020262 0.00322776 0.0020262
 0.000998438 0.0567631 0.00322305 0.00708527 0.0444029 0.00202182 0.00322305 0.00202182
 0.000995964 0.0567218 0.00321835 0.00708078 0.0443495 0.00201702 0.00321835 0.00201702
 0.000993231 0.0566764 0.0032132 0.00707632 0.0442961 0.00201222 0.0032132 0.00201222
 0.000990536 0.0566311 0.00320807 0.00707182 0.0442429 0.00200744 0.00320807 0.00200744
 0.000987813 0.056586 0.00320295 0.00706737 0.0441898 0.00200268 0.00320295 0.00200268
 0.000985145 0.0565409 0.00319784 0.00706286 0.0441368 0.00199794 0.00319784 0.00199794
 0.000982433 0.056496 0.00319276 0.00705842 0.0440839 0.00199321 0.00319276 0.00199321
 0.000979796 0.0564511 0.00318769 0.0070539 0.0440311 0.00198849 0.00318769 0.00198849
 0.000977089 0.0564064 0.00318264 0.00704947 0.0439784 0.0019838 0.00318264 0.0019838
 0.00097449 0.0563619 0.00317761 0.00704492 0.0439259 0.00197911 0.00317761 0.00197911
 0.000971781 0.0563174 0.00317259 0.00704052 0.0438735 0.00197445 0.00317259 0.00197445
 0.000969227 0.056273 0.00316759 0.00703595 0.0438212 0.0019698 0.00316759 0.0019698
 0.000966506 0.0562288 0.00316261 0.00703158 0.043769 0.00196517 0.00316261 0.00196517
 0.00096401 0.0561847 0.00315765 0.00702649 0.0437117 0.00196008 0.00315765 0.00196008
 0.000960981 0.0561363 0.0031522 0.00702179 0.0436545 0.00195502 0.0031522 0.00195502
 0.00095836 0.0560879 0.00314677 0.00701652 0.0435974 0.00194996 0.00314677 0.00194996
 0.000955174 0.0560397 0.00314136 0.00701207 0.0435404 0.00194494 0.00314136 0.00194494
 0.00095283 0.0559916 0.00313597 0.00700644 0.0434836 0.00193992 0.00313597 0.00193992
 0.000949303 0.0559437 0.0031306 0.00700251 0.0434269 0.00193493 0.0031306 0.00193493
 0.000947504 0.0558959 0.00312525 0.00699614 0.0433704 0.00192994 0.00312525 0.00192994
 0.000943248 0.0558483 0.00311992 0.00699327 0.0433139 0.001925 0.00311992 0.001925
 0.000942552 0.0558007 0.00311461 0.00698536 0.0432578 0.00192003 0.00311461 0.00192003
 0.000936766 0.0557533 0.00310931 0.00698469 0.0432015 0.00191516 0.00310931 0.00191516
 0.000938322 0.055706 0.00310404 0.00697363 0.0431457 0.00191019 0.00310404 0.00191019
 0.000929357 0.055659 0.00309879 0.0069775 0.0430895 0.00190539 0.00309879 0.00190539
 0.000935532 0.0556118 0.00309355 0.00695816 0.0430288 0.00189989 0.00309355 0.00189989
 0.000918429 0.0555605 0.00308781 0.00697611 0.0429666 0.0018948 0.00308781 0.0018948
 0.000939121 0.0555086 0.00308209 0.00693136 0.0429071 0.00188906 0.00308209 0.00188906
 0.000896321 0.055458 0.00307639 0.00699199 0.0428436 0.00188446 0.00307639 0.00188446
 0.000960256 0.0554057 0.00307071 0.00687556 0.0427872 0.00187802 0.00307071 0.00187802
 0.000844892 0.0553566 0.00306506 0.00705658 0.0427194 0.00187474 0.00306506 0.00187474
 0.00103076 0.0553026 0.00305944 0.00673799 0.0426711 0.00186623 0.00305944 0.00186623
 0.000710746 0.0552571 0.00305385 0.0072584 0.0425904 0.00186663 0.00305385 0.00186663
 0.0012402 0.0551978 0.00304834 0.00637017 0.0425646 0.00185232 0.00304834 0.00185232
 0.000343623 0.0551621 0.00304297 0.0078465 0.0424473 0.00186334 0.00304297 0.00186334
 0.00184057 0.0550874 0.00303801 0.0053545 0.0424837 0.00183354 0.00303801 0.00183354
 -0.000678982 0.0550785 0.00303411 0.00952103 0.0422636 0.00187686 0.00303411 0.00187686
 0.00354008 0.0549603 0.00303317 0.00181727 0.0424959 0.0018092 0.00303317 0.0018092
 0.00354008 0.0549603 0.00303317 0.00555089 0.0423832 0.00182715 0.00303317 0.00182715
 -0.000475991 0.0549976 0.00302496 0.00752262 0.0422747 0.00184374 0.00302496 0.00184374
 0.0015205 0.0549379 0.00302048 0.00661461 0.0422771 0.0018311 0.00302048 0.0018311
 0.000603396 0.0549256 0.00301719 0.00702472 0.0422289 0.00183263 0.00301719 0.00183263
 0.00101971 0.0548918 0.00301415 0.00683328 0.0422039 0.00182786 0.00301415 0.00182786
 0.000827535 0.0548679 0.00301117 0.00691627 0.0421684 0.00182601 0.00301117 0.00182601
 0.00091294 0.0548395 0.00300821 0.0068741 0.0421377 0.00182284 0.00300821 0.00182284
 0.000871758 0.0548133 0.00300526 0.006889 0.0421049 0.00182028 0.00300526 0.00182028
 0.000888299 0.0547861 0.00300231 0.00687789 0.0420731 0.00181745 0.00300231 0.00181745
 0.000878533 0.0547594 0.00299937 0.00687863 0.042041 0.00181476 0.00299937 0.00181476
 0.000880761 0.0547326 0.00299643 0.00687397 0.042009 0.00181201 0.00299643 0.00181201
 0.000877529 0.0547059 0.00299351 0.00687178 0.0419771 0.0018093 0.00299351 0.0018093
 0.00087679 0.0546792 0.00299059 0.00686813 0.041942 0.0018063 0.00299059 0.0018063
 0.000874732 0.0546499 0.00298738 0.0068651 0.041907 0.00180332 0.00298738 0.00180332
 0.000873306 0.0546206 0.00298418 0.00686169 0.041872 0.00180034 0.00298418 0.00180034
 0.000871504 0.0545914 0.00298098 0.00685852 0.041837 0.00179737 0.00298098 0.00179737
 0.000869937 0.0545622 0.00297779 0.00685521 0.0418021 0.00179441 0.00297779 0.00179441
 0.000868234 0.0545331 0.00297461 0.00685198 0.0417673 0.00179146 0.00297461 0.00179146
 0.000866621 0.054504 0.00297144 0.0068487 0.0417325 0.00178851 0.00297144 0.00178851
 0.000864961 0.054475 0.00296827 0.00684545 0.0416978 0.00178556 0.00296827 0.00178556
 0.000863336 0.054446 0.00296512 0.00684218 0.0416631 0.00178263 0.00296512 0.00178263
 0.000861696 0.0544171 0.00296196 0.00683893 0.0416285 0.0017797 0.00296196 0.0017797
 0.000860072 0.0543882 0.00295882 0.00683567 0.0415939 0.00177678 0.00295882 0.00177678
 0.000858446 0.0543594 0.00295568 0.00683242 0.0415594 0.00177387 0.00295568 0.00177387
 0.000856828 0.0543307 0.00295255 0.00682883 0.0415215 0.00177067 0.00295255 0.00177067
 0.000855047 0.0542991 0.00294912 0.00682525 0.0414836 0.00176748 0.00294912 0.00176748
 0.000853277 0.0542675 0.00294569 0.00682167 0.0414458 0.00176429 0.00294569 0.00176429
 0.000851506 0.054236 0.00294227 0.00681809 0.0414081 0.00176112 0.00294227 0.00176112
 0.000849745 0.0542046 0.00293886 0.0068145 0.0413704 0.00175795 0.00293886 0.00175795
 0.000847986 0.0541732 0.00293545 0.00681092 0.0413328 0.00175479 0.00293545 0.00175479
 0.000846234 0.0541419 0.00293206 0.00680734 0.0412952 0.00175164 0.00293206 0.00175164
 0.000844485 0.0541106 0.00292867 0.00680377 0.0412578 0.00174849 0.00292867 0.00174849
 0.000842743 0.0540794 0.00292529 0.00680019 0.0412203 0.00174536 0.00292529 0.00174536
 0.000841004 0.0540483 0.00292192 0.00679661 0.041183 0.00174223 0.00292192 0.00174223
 0.000839272 0.0540172 0.00291856 0.00679304 0.0411457 0.00173911 0.00291856 0.00173911
 0.000837544 0.0539862 0.00291521 0.00678946 0.0411085 0.001736 0.00291521 0.001736
 0.000835821 0.0539552 0.00291186 0.00678553 0.0410676 0.00173259 0.00291186 0.00173259
 0.000833928 0.0539212 0.00290819 0.0067816 0.0410267 0.00172918 0.00290819 0.00172918
 0.000832046 0.0538872 0.00290453 0.00677766 0.040986 0.00172579 0.00290453 0.00172579
 0.000830163 0.0538534 0.00290087 0.00677373 0.0409453 0.0017224 0.00290087 0.0017224
 0.000828292 0.0538195 0.00289723 0.0067698 0.0409046 0.00171902 0.00289723 0.00171902
 0.000826422 0.0537858 0.00289359 0.00676587 0.0408641 0.00171565 0.00289359 0.00171565
 0.000824563 0.0537521 0.00288997 0.00676194 0.0408236 0.00171229 0.00288997 0.00171229
 0.000822704 0.0537185 0.00288635 0.00675802 0.0407832 0.00170894 0.00288635 0.00170894
 0.000820856 0.053685 0.00288275 0.00675409 0.0407429 0.0017056 0.00288275 0.0017056
 0.00081901 0.0536515 0.00287915 0.00675017 0.0407027 0.00170227 0.00287915 0.00170227
 0.000817173 0.0536181 0.00287557 0.00674624 0.0406625 0.00169895 0.00287557 0.00169895
 0.000815339 0.0535848 0.00287199 0.00674232 0.0406225 0.00169564 0.00287199 0.00169564
 0.000813514 0.0535515 0.00286842 0.00673801 0.0405785 0.00169201 0.00286842 0.00169201
 0.000811505 0.053515 0.00286451 0.0067337 0.0405345 0.00168839 0.00286451 0.00168839
 0.000809514 0.0534785 0.00286061 0.00672938 0.0404906 0.00168477 0.00286061 0.00168477
 0.000807514 0.0534421 0.00285671 0.00672508 0.0404468 0.00168117 0.00285671 0.00168117
 0.000805539 0.0534058 0.00285283 0.00672076 0.0404031 0.00167758 0.00285283 0.00167758
 0.00080355 0.0533696 0.00284896 0.00671646 0.0403595 0.001674 0.00284896 0.001674
 0.000801592 0.0533334 0.0028451 0.00671214 0.040316 0.00167043 0.0028451 0.00167043
 0.000799614 0.0532974 0.00284125 0.00670785 0.0402726 0.00166687 0.00284125 0.00166687
 0.000797673 0.0532614 0.00283741 0.00670353 0.0402292 0.00166333 0.00283741 0.00166333
 0.000795704 0.0532255 0.00283359 0.00669925 0.040186 0.00165979 0.00283359 0.00165979
 0.000793781 0.0531897 0.00282977 0.00669493 0.0401428 0.00165627 0.00282977 0.00165627
 0.000791821 0.0531539 0.00282597 0.00669066 0.0400997 0.00165275 0.00282597 0.00165275
 0.000789918 0.0531183 0.00282217 0.0066859 0.0400525 0.0016489 0.00282217 0.0016489
 0.000787764 0.0530791 0.00281802 0.00668123 0.0400052 0.00164506 0.00281802 0.00164506
 0.000785706 0.05304 0.00281386 0.00667643 0.0399581 0.00164123 0.00281386 0.00164123
 0.000783533 0.053001 0.00280972 0.00667181 0.0399111 0.00163741 0.00280972 0.00163741
 0.000781535 0.0529621 0.0028056 0.00666696 0.0398642 0.0016336 0.0028056 0.0016336
 0.000779318 0.0529233 0.00280149 0.00666242 0.0398174 0.00162981 0.00280149 0.00162981
 0.000777417 0.0528846 0.00279739 0.00665747 0.0397707 0.00162603 0.00279739 0.00162603
 0.000775106 0.052846 0.0027933 0.00665308 0.0397241 0.00162227 0.0027933 0.00162227
 0.00077337 0.0528075 0.00278923 0.00664793 0.0396776 0.00161851 0.00278923 0.00161851
 0.000770873 0.0527691 0.00278517 0.00664382 0.0396312 0.00161477 0.00278517 0.00161477
 0.000769426 0.0527307 0.00278112 0.00663832 0.039585 0.00161104 0.00278112 0.00161104
 0.000766575 0.0526925 0.00277709 0.00663471 0.0395388 0.00160733 0.00277709 0.00160733
 0.000765644 0.0526543 0.00277306 0.00662791 0.0394882 0.00160324 0.00277306 0.00160324
 0.000761774 0.0526125 0.00276865 0.00662534 0.0394374 0.00159921 0.00276865 0.00159921
 0.000762171 0.0525706 0.00276425 0.00661604 0.0393871 0.00159512 0.00276425 0.00159512
 0.000755797 0.052529 0.00275987 0.00661746 0.0393365 0.00159115 0.00275987 0.00159115
 0.000760223 0.0524873 0.0027555 0.00660183 0.0392866 0.00158702 0.0027555 0.00158702
 0.000747487 0.052446 0.00275114 0.00661334 0.0392359 0.00158319 0.00275114 0.00158319
 0.000762079 0.0524044 0.0027468 0.00658168 0.0391869 0.00157893 0.0027468 0.00157893
 0.000733226 0.0523635 0.00274247 0.0066187 0.0391355 0.0015754 0.00274247 0.0015754
 0.000773488 0.0523217 0.00273816 0.00654652 0.0390881 0.00157074 0.00273816 0.00157074
 0.000703876 0.0522817 0.00273387 0.00664796 0.0390348 0.00156791 0.00273387 0.00156791
 0.000808966 0.0522392 0.00272959 0.00647341 0.0389912 0.00156222 0.00272959 0.00156222
 0.000636388 0.0522008 0.00272533 0.00673752 0.0389325 0.00156114 0.00272533 0.00156114
 0.000905114 0.0521562 0.00272109 0.00626128 0.0388946 0.00155199 0.00272109 0.00155199
 0.000429395 0.0521183 0.0027165 0.00712564 0.0388106 0.00155704 0.0027165 0.00155704
 0.00130213 0.0520613 0.00271208 0.00551143 0.0388119 0.00153674 0.00271208 0.00153674
 -0.000317982 0.0520397 0.00270823 0.00847947 0.0386564 0.00156622 0.00270823 0.00156622
 0.00267015 0.0519536 0.0027063 0.00297777 0.0387914 0.00151364 0.0027063 0.00151364
 0.00267015 0.0519536 0.0027063 0.00564642 0.0387262 0.0015316 0.0027063 0.0015316
 -0.000177083 0.0519711 0.00270103 0.00691205 0.0386562 0.00154208 0.00270103 0.00154208
 0.00109717 0.0519313 0.00269806 0.00639225 0.0386474 0.00153448 0.00269806 0.00153448
 0.000576283 0.0519167 0.00269568 0.00659901 0.0386138 0.00153457 0.00269568 0.00153457
 0.000785809 0.051892 0.00269339 0.00651133 0.0385902 0.0015316 0.00269339 0.0015316
 0.000699352 0.0518714 0.00269113 0.00654293 0.0385627 0.00152989 0.00269113 0.00152989
 0.000732788 0.0518492 0.00268887 0.00652622 0.0385368 0.00152768 0.00268887 0.00152768
 0.000717675 0.0518276 0.00268662 0.00652908 0.0385103 0.00152567 0.00268662 0.00152567
 0.000722222 0.0518059 0.00268437 0.00652402 0.0384841 0.00152359 0.00268437 0.00152359
 0.000718815 0.0517843 0.00268213 0.00652216 0.0384578 0.00152154 0.00268213 0.00152154
 0.00071863 0.0517626 0.00267989 0.00651901 0.0384316 0.00151949 0.00267989 0.00151949
 0.000717145 0.051741 0.00267765 0.00651639 0.0384054 0.00151744 0.00267765 0.00151744
 0.000716189 0.0517195 0.00267542 0.00651327 0.0383767 0.00151519 0.00267542 0.00151519
 0.000714905 0.0516958 0.00267297 0.00651025 0.0383479 0.00151295 0.00267297 0.00151295
 0.00071373 0.0516721 0.00267052 0.00650719 0.0383193 0.00151071 0.00267052 0.00151071
 0.000712499 0.0516485 0.00266807 0.00650415 0.0382906 0.00150847 0.00266807 0.00150847
 0.000711303 0.0516249 0.00266563 0.0065011 0.038262 0.00150624 0.00266563 0.00150624
 0.000710093 0.0516013 0.0026632 0.00649806 0.0382334 0.00150402 0.0026632 0.00150402
 0.000708895 0.0515778 0.00266077 0.00649502 0.0382049 0.0015018 0.00266077 0.0015018
 0.000707696 0.0515543 0.00265835 0.00649198 0.0381764 0.00149959 0.00265835 0.00149959
 0.000706502 0.0515309 0.00265593 0.00648894 0.038148 0.00149738 0.00265593 0.00149738
 0.000705309 0.0515075 0.00265352 0.00648591 0.0381196 0.00149517 0.00265352 0.00149517
 0.000704121 0.0514841 0.00265111 0.00648287 0.0380913 0.00149297 0.00265111 0.00149297
 0.000702935 0.0514607 0.0026487 0.00647984 0.038063 0.00149078 0.0026487 0.00149078
 0.000701752 0.0514374 0.0026463 0.00647651 0.0380319 0.00148837 0.0026463 0.00148837
 0.000700452 0.0514118 0.00264367 0.00647318 0.0380008 0.00148596 0.00264367 0.00148596
