 0.193193
 0.0165717
 0.117057
 0.55254
 -0.398238
 -0.46764
 0.231873
 0.865397
 -0.80965
 0.237574
 0.117758
 0.891371
 -0.712839
 0.460997
 -0.7312
 0.786221
 -0.556176
 0.806352
 -0.63937
 0.487201
 -0.307786
 -0.444998
 -0.230172
 0.896473
 -0.607279
 0.927333
 -0.802767
 -0.201721
 -0.635023
 0.699605
 -0.0974354
 0.942083
 -0.213816
 -0.913929
 0.19819
 0.114885
 0.997463
 0.198734
 -0.11172
 -0.439958
 0.483681
 -0.0661198
 0.544755
 -0.932224
 -0.661205
 0.252984
 0.379153
 0.609788
 -0.110487
 -0.621786
 -0.968242
 -0.706048
 0.854123
 -0.0398838
 -0.276591
 -0.608398
 0.350258
 -0.665357
 0.935526
 0.737031
 -0.234632
 0.662423
 0.308649
 -0.377246
 0.0520143
 -0.667348
 -0.87452
 -0.0402192
 -0.90521
 0.805174
 0.0676776
 -0.109899
 -0.0670633
 -0.815978
 0.304376
 -0.918902
 -0.26358
 0.44279
 0.418598
 0.107692
 0.143355
 0.368144
 -0.342362
 -0.982609
 0.539062
 0.229031
 0.737004
 -0.937026
 -0.63861
 -0.484198
 0.893964
 0.0593518
 -0.938422
 0.710415
 0.787992
 -0.36441
 0.390638
 -0.273204
 -0.288898
 -0.775129
 0.791429
 0.210835
 0.815889
 -0.178858
 0.817379
 -0.184352
 0.299563
 -0.495119
 0.500041
 0.139016
 0.435369
 0.335433
 0.387135
 0.855224
 -0.356425
 0.403527
 0.337377
 0.934415
 0.344194
 -0.0731845
 0.269784
 -0.655992
 0.93616
 -0.327477
 0.57221
 -0.845079
 0.943716
 0.0152098
 0.733831
 -0.733252
 -0.901933
 -0.20621
 -0.349892
 -0.542158
 0.87839
 0.678581
 -0.888191
 -0.859777
 0.488094
 0.737808
 -0.0212509
 0.488494
 0.0538921
 0.138287
 0.105621
 -0.319942
 -0.519955
 0.703109
 0.266811
 0.546665
 -0.165353
 0.976929
 0.200095
 0.946878
 0.314166
 -0.585806
 -0.590691
 -0.458169
 0.632557
 -0.25018
 0.8043
 -0.392581
 0.875546
 -1.09573
 0.35985
 -0.960301
 -0.637312
 0.867721
 -0.847087
 0.794833
 0.195532
 -0.597611
 -0.325403
 -0.387502
 0.852566
 0.277395
 -0.92522
 -0.708768
 -0.799068
 0.80178
 0.813143
 -0.811712
 -0.512517
 0.344145
 -0.912069
 -0.72248
 -0.341821
 -0.520625
 -0.733281
 -0.472136
 -0.0656352
 -0.273753
 -0.287391
 -0.98569
 0.723058
 0.14345
 -0.645673
 0.144093
 -0.472631
 -0.632101
 -0.507042
 0.439233
 0.326319
 -0.52043
 -0.192912
 -0.38343
 0.713115
 0.141285
 0.551804
 -0.0305439
 0.078455
 -0.382215
 0.233513
 0.761233
 0.503034
 -0.238402
 -0.858072
 -0.409092
 0.819703
 -0.450532
 -0.74391
 -1.02712
 0.155064
 -0.912025
 -0.744917
 0.062804
 0.854947
 -0.495222
 -0.654417
 -0.855667
 -0.36306
 0.602407
 -0.260416
 -0.798643
 0.722018
 0.455697
 -0.757821
 0.401987
 -0.372398
 0.764589
 -0.62379
 0.99759
 -0.777001
 0.792092
 -0.125735
 0.260455
 -0.0792328
 -0.807432
 -0.0772285
 -0.134743
 0.509857
 0.419831
 -0.0582454
 -0.644807
 -0.294445
 0.927802
 -0.0962761
 0.543251
 -0.32592
 0.607379
 -1.01855
 0.143907
 -1.00519
 0.06694
 -0.379904
 0.198444
 0.0454689
 0.761193
 -0.297789
 0.61014
 -1.04147
 1.04915
 -0.933839
 -0.245463
 0.750665
 -0.900101
 0.463568
 0.204825
 0.31222
 0.505527
 -0.704966
 0.798447
 -0.771764
 0.320588
 0.308034
 -0.529883
 0.229163
 0.38665
 1.04119
 -0.390535
 0.0252189
 0.718917
 0.0445085
 0.509737
 0.306916
 0.101896
 0.874621
 -1.04136
 -0.00495134
 -0.769231
 0.313743
 -1.05937
 -0.84316
 0.385606
 0.154372
 0.0614083
 0.0861299
 0.00875837
 0.596615
 -0.723195
 0.63088
 -0.379648
 0.64568
 -0.93766
 -0.753501
 -0.896103
 0.769455
 -0.215354
 0.933761
 0.704473
 0.905491
 0.648014
 0.789772
 0.108421
 0.784742
 -0.904452
 0.739048
 0.267157
 0.875474
 0.228338
 -0.706711
 0.702954
 -0.686607
 0.399001
 -0.657568
 0.52877
 -1.06044
 -0.36291
 -0.418248
 -0.54306
 -0.0289555
 -0.57852
 -0.410442
 0.951346
 -0.753205
 -0.741543
 0.795556
 -0.753602
 -0.481022
 0.388583
 0.0882741
 -0.0827786
 0.136624
 0.3132
 -0.693485
 -0.872565
 0.659056
 -0.674164
 0.268739
 -0.677852
 0.684336
 -0.981037
 0.046867
 -0.15378
 0.15754
 -0.571877
 -0.804315
 -0.0529447
 0.207817
 -0.904218
 -0.212508
 -0.279528
 0.275245
 0.121929
 -0.311996
 0.298127
 0.082326
 0.597798
 0.674847
 -0.151315
 0.656446
 -0.921375
 -0.285083
 0.389304
 -0.803627
 0.2982
 -0.49699
 0.830876
 -0.767309
 1.04357
 0.515552
 -0.868374
 -0.797309
 0.688644
 -0.315225
 0.264262
 -0.901827
 0.985054
 0.659334
 0.850667
 -0.322317
 0.567455
 -0.725534
 -0.193634
 -0.550988
 0.269655
 0.282471
 0.189491
 0.777153
 0.154292
 0.720319
 0.780561
 0.625662
 0.620997
 0.145603
 0.412507
 0.0479798
 0.38745
 -0.892619
 -0.0274884
 0.511992
 -0.0987011
 -0.639584
 -0.0734872
 -0.472581
 -0.739343
 -0.779836
 0.573654
 0.521302
 0.855331
 -0.117273
 0.300275
 0.108232
 0.644937
 -0.519781
 -0.253868
 -0.788236
 0.289857
 0.262284
 0.358223
 0.750784
 -0.657688
 -0.608697
 -0.816497
 0.598754
 -0.0358978
 0.496944
 0.778272
 0.465328
 -0.432211
 0.713535
 -0.354761
 -0.818467
 -0.593446
 0.855347
 -0.374427
 0.242683
 -0.950535
 -0.766346
 -0.30075
 0.819983
 0.182735
 -0.532045
 0.196756
 0.744604
 -0.218797
 -0.291177
 0.404963
 -0.204287
 0.215043
 -0.71322
 -0.268738
 -0.134899
 0.340571
 -0.692419
 0.972312
 0.254725
 -0.339462
 -0.29451
 -0.203501
 0.404904
 -0.659457
 0.687973
 -0.675953
 0.210148
 0.212392
 0.562569
 -0.768484
 -0.674496
 -0.252309
 0.201333
 -0.818886
 -0.542996
 0.747056
 -0.329607
 -0.0660384
 -0.929907
 0.497195
 -0.215589
 0.68364
 -0.348851
 0.223723
 -0.931997
 0.288575
 -0.778744
 -0.702766
 -0.0401326
 -0.672675
 -0.703968
 0.838177
 -0.883047
 0.79443
 -0.889256
 -0.287415
 -0.434791
 0.786953
 0.42495
 -0.615336
 -0.695856
 0.701912
 -0.525988
 0.976778
 -0.753348
 0.150471
 0.744597
 0.0996123
 0.448608
 -0.944718
 -0.687893
 -0.124401
 0.0175705
 0.54209
 -0.954484
 -0.606005
 0.104512
 0.55558
 0.152952
 -1.06025
 0.5076
 0.809325
 0.565478
 -0.518891
 -0.938525
 -0.714523
 0.683805
 0.0686941
 -0.522031
 -0.30327
 0.805444
 0.725647
 -0.0587646
 0.933187
 0.826329
 0.876792
 0.794553
 -0.106209
 -0.108802
 -0.322643
 0.468209
 -0.23051
 0.0527887
 -0.644453
 0.376073
 -0.322643
 0.596087
 0.354762
 0.557053
 0.896236
 -0.431463
 -0.344169
 0.691333
 0.754846
 -0.862342
 0.721129
 0.82753
 -0.818128
 -0.546162
 0.520495
 -0.338872
 -0.893717
 -0.25527
 -0.269324
 -0.108055
 -0.244889
 -0.871651
 0.578777
 0.148952
 -0.424362
 0.638125
 0.107855
 -0.357831
 -0.543368
 0.699504
 -0.167448
 -0.329096
 0.690409
 0.744481
 -0.0787593
 -0.391001
 0.318286
 0.483795
 0.842956
 0.512087
 -0.732068
 0.28035
 0.445097
 -0.429614
 0.581179
 0.782968
 0.223768
 -0.653267
 -0.667257
 -0.862765
 -0.144078
 0.079351
 0.831222
 -0.142455
 -0.849968
 -0.518682
 -0.786975
 0.0372614
 -0.346104
 0.254641
 0.2706
 -0.403926
 -0.464159
 -0.960074
 0.660252
 0.613766
 -0.291452
 -0.152311
 -0.832324
 -0.804579
 -0.1564
 0.420867
 -0.165772
 -0.0867788
 -0.899596
 -0.488763
 -0.937879
 -0.49322
 -0.720603
 -0.33042
 0.30366
 -0.557652
 -0.835118
 0.755892
 -0.492903
 1.05022
 0.645721
 -0.480653
 -0.524789
 -0.86991
 0.729473
 0.499128
 -0.0973989
 0.339025
 0.436336
 -0.0963775
 -0.0147319
 -0.918514
 -0.519102
 -0.503268
 0.370725
 0.173634
 -0.767906
 -0.896908
 -0.561532
 -0.876745
 0.730202
 -0.486232
 0.755215
 -0.209811
 0.226959
 0.281766
 -0.773033
 0.715666
 0.477797
 -0.338379
 -0.180182
 -0.759819
 0.410395
 0.749111
 0.738522
 0.449304
 -0.379067
 0.937021
 0.375889
 0.875371
 -0.399093
 -0.0811444
 0.249593
 -0.458028
 0.171869
 -0.718874
 0.405749
 -0.578864
 -0.392789
 -0.810784
 0.976896
 -0.653201
 -0.0557885
 -0.764606
 -0.281491
 0.920296
 0.296014
 0.744937
 0.132869
 0.180059
 -0.0154616
 -0.370109
 -0.39857
 0.242473
 0.350275
 0.776704
 -0.146879
 -0.459106
 0.519611
 0.742691
 0.0984425
 -0.557963
 0.864338
 0.532441
 0.602634
 0.746178
 0.306445
 0.238605
 -0.234885
 -0.511596
 0.854792
 0.509428
 -0.376921
 -0.0633568
 -0.320318
 0.770167
 -0.429095
 0.561036
 -0.390144
 -0.423621
 0.476302
 -0.615276
 0.583031
 0.76159
 0.398359
 0.620461
 0.813767
 0.679141
 -0.854375
 0.0913746
 -0.731349
 -0.646253
 0.707688
 0.762211
 -0.277509
 0.711144
 0.105649
 0.675559
 0.298581
 0.0829496
 0.109
 -0.130093
 0.192736
 0.410728
 0.743453
 -0.689442
 0.706473
 0.754536
 -0.620578
 0.627475
 0.296362
 0.490593
 -0.034649
 0.367173
 -0.763852
 1.04523
 0.122952
 -0.58347
 0.207482
 0.369681
 -0.0901162
 0.668968
 0.474634
 -0.204897
 0.727666
 0.0993911
 -0.768685
 0.757636
 -0.229084
 0.842802
 -0.273793
 -0.024981
 0.115818
 0.406053
 0.862417
 0.666259
 -0.787491
 0.521568
 0.107545
 0.914096
 0.317455
 -0.865536
 -0.653208
 -0.915886
 0.389997
 -0.794702
 0.974404
 0.406145
 -0.724158
 0.702825
 0.851455
 -0.353581
 0.233638
 -0.845351
 -0.449075
 0.414029
 0.0278313
 -0.263715
 0.346454
 -0.681764
 -0.444148
 0.314503
 0.3085
 0.323375
 0.657818
 0.206228
 -0.664323
 -0.363114
 -0.898718
 0.108981
 0.213278
 0.77929
 -0.611834
 -0.0862049
 -0.0143975
 -0.427166
 -0.431838
 0.0787956
 -0.644388
 0.173073
 -0.698553
 -0.572234
 0.548013
 -0.849957
 -0.456746
 -0.109218
 -0.327606
 -0.407055
 -0.716252
 0.972112
 -0.934573
 0.0566882
 -0.0366503
 -0.541718
 0.669478
 -1.02889
 0.897779
 0.742435
 0.172062
 -0.204491
 0.926476
 -0.349171
 -0.316359
 -0.494269
 0.981561
 0.20732
 0.723503
 -0.204374
 -0.821136
 0.669224
 0.381678
 0.859062
 0.639261
 -0.862461
 -0.959603
 -0.308583
 0.400427
 0.19674
 -0.195682
 -0.532544
 0.792276
 -0.911782
 -0.237274
 -0.180482
 -0.522348
 0.675266
 -0.999696
 -0.52089
 -0.405159
 -0.386873
 0.375811
 0.0400273
 0.839333
 0.217676
 -0.971005
 0.668259
 -0.977878
 -0.298732
 -0.407379
 -0.42773
 -0.258599
 0.205816
 -0.791037
 -0.312236
 -0.448825
 0.57058
 0.658737
 -0.0901921
 0.0357543
 -0.164569
 0.618784
 -0.861261
 1.01456
 -0.530037
 0.929648
 -0.76615
 0.738213
 -0.719766
 0.0517504
 -0.709912
 0.889206
 0.654629
 -0.210978
 -0.419121
 -0.143023
 -0.579514
 0.825162
 -0.756685
 0.364025
 0.831128
 0.440031
 0.653502
 0.698794
 0.657382
 0.765562
 0.35094
 -0.0133681
 1.01617
 0.864606
 -0.478964
 -0.67107
 0.181782
 -0.664004
 -0.00718655
 0.0387271
 -0.323055
 0.324772
 0.268721
 -0.292394
 0.225218
 0.590658
 -0.691101
 0.953797
 -0.508495
 0.997539
 -0.2419
 0.332374
 0.905439
 0.216799
 -0.686525
 0.958511
 -0.836636
 0.657594
 -1.04842
 1.1078
 0.52139
 -0.727415
 0.763345
 0.05698
 0.474414
 -0.942827
 -0.0594125
 -0.404266
 0.414059
 0.0957826
 0.955113
 -1.03502
 -0.319286
 -0.230873
 1.05669
 -0.553609
 -0.0346064
 0.168202
 -0.176204
 -0.173967
 0.70437
 0.468656
 0.807677
 0.468628
 0.330766
 0.687666
 -0.716347
 0.208097
 -0.655022
 0.234816
 0.19516
 -0.122657
 -0.0399171
