 0.0853697 0.522525 0.28032 -0.0371501 0.518843 0.270579 0.808126 0.766672
 -0.0340814 0.514752 0.266131 -0.0922788 0.914249 0.844367 0.767223 2.39248
 -0.0340814 0.514752 0.266131 -0.0598054 0.682988 0.470049 0.767223 1.33186
 -0.0340814 0.514752 0.266131 -0.0519217 0.346683 0.122885 0.767223 0.348189
 -0.0226141 0.345502 0.119883 -0.0351679 0.284061 0.0819276 0.345608 0.232138
 -0.0161777 0.286205 0.0821751 -0.0222824 0.253947 0.0649855 0.2369 0.184134
 -0.0113015 0.259106 0.0672637 -0.0166959 0.240027 0.0578917 0.193913 0.164034
 -0.00742956 0.246186 0.060663 -0.0127102 0.2304 0.0532459 0.174884 0.15087
 -0.00410349 0.237003 0.0561874 -0.00963048 0.221686 0.0492376 0.161981 0.139513
 -0.00156421 0.228569 0.0522462 -0.00782489 0.21324 0.0455327 0.150619 0.129015
 5.3971e-007 0.220252 0.0485109 -0.00681377 0.204837 0.0420047 0.139851 0.119019
 0.000817811 0.2119 0.0449021 -0.00618678 0.196397 0.0386102 0.129447 0.1094
 0.00114878 0.203476 0.0414039 -0.00575437 0.187912 0.0353439 0.119362 0.100145
 0.00117361 0.194973 0.0380158 -0.00538389 0.179392 0.0322106 0.109595 0.0912672
 0.00102088 0.186401 0.0347465 -0.0049926 0.170869 0.0292213 0.10017 0.0827972
 0.000774806 0.177792 0.0316107 -0.00453823 0.162393 0.0263921 0.0911296 0.0747808
 0.00048717 0.169193 0.0286267 -0.0039992 0.154027 0.0237402 0.082527 0.0672668
 0.000192034 0.160668 0.0258142 -0.00336845 0.145845 0.021282 0.0744189 0.0603016
 -8.73776e-005 0.15229 0.0231922 -0.00264913 0.137927 0.0190308 0.06686 0.0539228
 -0.000334935 0.14414 0.0207766 -0.00185208 0.130352 0.016995 0.0598961 0.0481547
 -0.00053997 0.136302 0.0185785 -0.00099418 0.123193 0.0151776 0.0535594 0.043005
 -0.000696836 0.128851 0.0166032 -9.65079e-005 0.116512 0.013575 0.0478648 0.0384643
 -0.000804475 0.121856 0.0148494 0.000817599 0.110353 0.0121784 0.0428089 0.0345068
 -0.000865786 0.115365 0.0133099 0.00172468 0.104741 0.0109737 0.0383707 0.0310935
 -0.000886566 0.109414 0.0119722 0.00260315 0.0996849 0.00994386 0.0345143 0.0281755
 -0.000874311 0.104015 0.0108199 0.0034348 0.0951721 0.00906952 0.0311924 0.0256981
 -0.000837003 0.0991647 0.00983434 0.00420573 0.0911764 0.00833082 0.0283511 0.023605
 -0.000782195 0.0948422 0.00899566 0.00490665 0.0876601 0.00770837 0.0259333 0.0218413
 -0.000716374 0.0910151 0.00828426 0.00553258 0.0845783 0.0071841 0.0238825 0.0203558
 -0.000644744 0.0876424 0.00768161 0.00608222 0.0818828 0.00674178 0.0221451 0.0191025
 -0.000571151 0.0846786 0.00717079 0.00655725 0.0795252 0.00636725 0.0206725 0.0180413
 -0.000498345 0.0820768 0.00673685 0.00696133 0.0774594 0.00604842 0.0194215 0.0171379
 -0.000428045 0.0797913 0.00636683 0.00729965 0.0756434 0.0057752 0.0183548 0.0163638
 -0.000361422 0.0777795 0.00604978 0.00757782 0.0740393 0.00553925 0.0174407 0.0156952
 -0.000298906 0.0760027 0.00577649 0.00780227 0.0726149 0.0053338 0.0166529 0.0151131
 -0.000241001 0.0744265 0.00553936 0.00797844 0.0713417 0.00515329 0.0159693 0.0146016
 -0.000187315 0.0730211 0.00533212 0.00811307 0.0701965 0.00499337 0.0153718 0.0141485
 -0.000138479 0.071761 0.00514966 0.00820972 0.0691589 0.00485035 0.0148458 0.0137433
 -9.30586e-005 0.0706242 0.00498778 0.0082763 0.0682134 0.00472157 0.0143791 0.0133783
 -5.30488e-005 0.0695923 0.00484309 0.00831172 0.0673447 0.00460439 0.013962 0.0130463
 -1.42895e-005 0.0686497 0.00471278 0.00832938 0.0665438 0.00449746 0.0135863 0.0127434
 1.64433e-005 0.0677836 0.00459461 0.00831558 0.0657982 0.00439855 0.0132457 0.0124631
 5.20822e-005 0.0669829 0.00448672 0.00830396 0.0651049 0.00430761 0.0129346 0.0122054
 6.97816e-005 0.0662394 0.00438766 0.00824143 0.0644552 0.00422239 0.0126491 0.011964
 0.000112125 0.065547 0.00429643 0.00823185 0.0638534 0.00414502 0.012386 0.0117447
 0.000101197 0.0649074 0.00421298 0.00809041 0.0633291 0.00407602 0.0121455 0.0115492
 0.000182498 0.0643402 0.0041397 0.00816475 0.0629424 0.00402841 0.0119342 0.0114143
 8.50536e-005 0.0639355 0.00408775 0.00781385 0.0631371 0.00404735 0.0117845 0.011468
 8.50536e-005 0.0639355 0.00408775 0.00795798 0.0625798 0.00397955 0.0117845 0.0112759
 0.000221665 0.0635352 0.00403677 0.00801075 0.0622023 0.0039333 0.0116375 0.0111448
 0.000152073 0.0631665 0.00399002 0.00793569 0.061954 0.00390127 0.0115027 0.0110541
 0.000186022 0.0628986 0.00395627 0.00790471 0.0617167 0.00387144 0.0114054 0.0109696
 0.000183593 0.0626515 0.00392525 0.00785929 0.0614887 0.00384263 0.011316 0.0108879
 0.000191759 0.0624107 0.00389513 0.0078166 0.0612639 0.00381437 0.0112291 0.0108078
 0.00019664 0.0621743 0.00386568 0.00777209 0.0610434 0.0037867 0.0111443 0.0107294
 0.000201991 0.0619421 0.00383687 0.00772701 0.0608265 0.00375957 0.0110612 0.0106526
 0.000206876 0.0617139 0.00380865 0.00768114 0.0606132 0.00373296 0.0109798 0.0105772
 0.000211534 0.0614895 0.003781 0.0076346 0.0604033 0.00370685 0.0109001 0.0105032
 0.000215925 0.0612687 0.0037539 0.00758744 0.0601968 0.00368122 0.010822 0.0104306
 0.000220072 0.0610513 0.00372731 0.00753972 0.0599934 0.00365606 0.0107454 0.0103593
 0.000223983 0.0608373 0.00370122 0.0074915 0.0597931 0.00363134 0.0106701 0.0102892
 0.00022767 0.0606264 0.00367561 0.00744282 0.0595958 0.00360705 0.0105963 0.0102204
 0.000231142 0.0604185 0.00365045 0.00739374 0.0594013 0.00358318 0.0105238 0.0101528
 0.00023441 0.0602136 0.00362573 0.0073443 0.0592095 0.00355971 0.0104525 0.0100863
 0.000237484 0.0600114 0.00360143 0.00729454 0.0590204 0.00353662 0.0103824 0.0100209
 0.000240373 0.059812 0.00357753 0.0072445 0.0588339 0.00351391 0.0103135 0.0099565
 0.000243086 0.0596151 0.00355402 0.00719423 0.0586498 0.00349156 0.0102458 0.00989317
 0.000245631 0.0594207 0.00353088 0.00714375 0.0584682 0.00346956 0.0101791 0.00983084
 0.000248016 0.0592288 0.00350811 0.00709311 0.0582888 0.0034479 0.0101134 0.00976947
 0.000250249 0.0590392 0.00348569 0.00704233 0.0581118 0.00342657 0.0100488 0.00970904
 0.000252337 0.0588518 0.0034636 0.00699143 0.0579369 0.00340557 0.00998511 0.00964952
 0.000254288 0.0586666 0.00344184 0.00694046 0.0577642 0.00338487 0.00992238 0.00959089
 0.000256108 0.0584836 0.0034204 0.00688944 0.0575936 0.00336448 0.00986056 0.00953311
 0.000257803 0.0583026 0.00339926 0.00683839 0.0574249 0.00334439 0.00979963 0.00947617
 0.00025938 0.0581236 0.00337842 0.00678733 0.0572583 0.00332458 0.00973956 0.00942005
 0.000260844 0.0579466 0.00335787 0.00673629 0.0570936 0.00330505 0.00968032 0.00936473
 0.0002622 0.0577714 0.00333761 0.00668529 0.0569307 0.0032858 0.00962189 0.00931017
 0.000263454 0.0575981 0.00331761 0.00663435 0.0567697 0.00326682 0.00956425 0.00925638
 0.000264611 0.0574266 0.00329789 0.00658348 0.0566105 0.00324809 0.00950738 0.00920333
 0.000265676 0.0572569 0.00327842 0.00653271 0.056453 0.00322962 0.00945126 0.00915099
 0.000266652 0.0570888 0.0032592 0.00648204 0.0562973 0.0032114 0.00939586 0.00909936
 0.000267544 0.0569224 0.00324024 0.0064315 0.0561432 0.00319342 0.00934118 0.00904842
 0.000268357 0.0567577 0.00322151 0.00638109 0.0559908 0.00317568 0.00928719 0.00899816
 0.000269093 0.0565946 0.00320302 0.00633084 0.0558399 0.00315818 0.00923388 0.00894855
 0.000269757 0.056433 0.00318475 0.00628075 0.0556907 0.0031409 0.00918123 0.00889959
 0.000270352 0.0562729 0.00316672 0.00623084 0.0555429 0.00312384 0.00912923 0.00885126
 0.000270882 0.0561144 0.0031489 0.00618111 0.0553967 0.003107 0.00907787 0.00880355
 0.000271349 0.0559573 0.0031313 0.00613158 0.055252 0.00309038 0.00902712 0.00875645
 0.000271756 0.0558017 0.0031139 0.00608225 0.0551087 0.00307396 0.00897698 0.00870994
 0.000272106 0.0556475 0.00309672 0.00603314 0.0549669 0.00305776 0.00892744 0.00866401
 0.000272402 0.0554947 0.00307973 0.00598425 0.0548264 0.00304175 0.00887848 0.00861866
 0.000272647 0.0553432 0.00306295 0.0059356 0.0546874 0.00302594 0.00883009 0.00857386
 0.000272842 0.0551931 0.00304636 0.00588718 0.0545497 0.00301032 0.00878226 0.00852962
 0.00027299 0.0550444 0.00302996 0.005839 0.0544133 0.0029949 0.00873498 0.00848591
 0.000273094 0.0548969 0.00301374 0.00579107 0.0542782 0.00297966 0.00868823 0.00844274
 0.000273154 0.0547507 0.00299771 0.00574341 0.0541445 0.00296461 0.00864202 0.00840009
 0.000273174 0.0546058 0.00298186 0.005696 0.0540119 0.00294973 0.00859633 0.00835794
 0.000273156 0.0544621 0.00296619 0.00564886 0.0538807 0.00293504 0.00855115 0.0083163
 0.0002731 0.0543196 0.00295069 0.00560199 0.0537507 0.00292052 0.00850647 0.00827515
 0.000273008 0.0541783 0.00293537 0.00555539 0.0536218 0.00290616 0.00846228 0.00823449
 0.000272883 0.0540383 0.00292021 0.00550907 0.0534942 0.00289198 0.00841858 0.0081943
 0.000272726 0.0538994 0.00290521 0.00546304 0.0533678 0.00287796 0.00837536 0.00815458
 0.000272538 0.0537616 0.00289038 0.00541729 0.0532425 0.00286411 0.0083326 0.00811532
 0.00027232 0.053625 0.00287571 0.00537183 0.0531183 0.00285041 0.00829031 0.00807651
 0.000272075 0.0534895 0.0028612 0.00532665 0.0529953 0.00283687 0.00824846 0.00803815
 0.000271802 0.0533551 0.00284684 0.00528177 0.0528733 0.00282349 0.00820707 0.00800022
 0.000271504 0.0532218 0.00283263 0.00523719 0.0527525 0.00281025 0.00816611 0.00796273
 0.000271181 0.0530896 0.00281857 0.0051929 0.0526327 0.00279717 0.00812559 0.00792565
 0.000270835 0.0529584 0.00280467 0.00514891 0.052514 0.00278423 0.00808549 0.007889
 0.000270467 0.0528283 0.0027909 0.00510522 0.0523963 0.00277144 0.00804581 0.00785275
 0.000270078 0.0526992 0.00277728 0.00506183 0.0522797 0.00275879 0.00800654 0.00781691
 0.000269668 0.0525712 0.0027638 0.00501875 0.0521641 0.00274628 0.00796768 0.00778146
 0.000269238 0.0524441 0.00275046 0.00497596 0.0520495 0.00273391 0.00792922 0.00774641
 0.00026879 0.0523181 0.00273726 0.00493348 0.0519358 0.00272167 0.00789115 0.00771173
 0.000268324 0.052193 0.00272419 0.0048913 0.0518232 0.00270957 0.00785347 0.00767744
 0.000267841 0.052069 0.00271125 0.00484943 0.0517115 0.0026976 0.00781618 0.00764352
 0.000267342 0.0519459 0.00269844 0.00480786 0.0516008 0.00268575 0.00777926 0.00760996
 0.000266828 0.0518237 0.00268577 0.0047666 0.051491 0.00267404 0.00774272 0.00757677
 0.000266298 0.0517025 0.00267322 0.00472563 0.0513821 0.00266245 0.00770654 0.00754393
 0.000265755 0.0515822 0.00266079 0.00468498 0.0512741 0.00265098 0.00767072 0.00751144
 0.000265198 0.0514628 0.00264849 0.00464462 0.051167 0.00263964 0.00763526 0.0074793
 0.000264628 0.0513443 0.00263631 0.00460458 0.0510609 0.00262841 0.00760014 0.00744749
 0.000264046 0.0512268 0.00262425 0.00456483 0.0509556 0.00261731 0.00756538 0.00741602
 0.000263451 0.0511101 0.00261231 0.00452538 0.0508511 0.00260632 0.00753095 0.00738488
 0.000262846 0.0509943 0.00260049 0.00448624 0.0507476 0.00259544 0.00749687 0.00735407
 0.00026223 0.0508794 0.00258878 0.0044474 0.0506448 0.00258468 0.00746311 0.00732357
 0.000261604 0.0507653 0.00257718 0.00440886 0.0505429 0.00257403 0.00742968 0.00729339
 0.000260968 0.0506521 0.0025657 0.00437062 0.0504419 0.00256348 0.00739658 0.00726351
 0.000260323 0.0505397 0.00255433 0.00433267 0.0503416 0.00255305 0.00736379 0.00723395
 0.000259669 0.0504281 0.00254306 0.00429503 0.0502421 0.00254272 0.00733132 0.00720468
 0.000259006 0.0503174 0.00253191 0.00425768 0.0501435 0.00253249 0.00729916 0.00717571
 0.000258336 0.0502075 0.00252085 0.00422062 0.0500456 0.00252237 0.0072673 0.00714703
 0.000257657 0.0500983 0.00250991 0.00418386 0.0499485 0.00251235 0.00723574 0.00711864
 0.000256972 0.04999 0.00249907 0.00414739 0.0498521 0.00250243 0.00720448 0.00709054
 0.00025628 0.0498825 0.00248833 0.00411121 0.0497565 0.00249261 0.00717352 0.00706271
 0.000255581 0.0497757 0.00247769 0.00407532 0.0496617 0.00248289 0.00714285 0.00703516
 0.000254875 0.0496697 0.00246714 0.00403972 0.0495676 0.00247326 0.00711246 0.00700788
 0.000254164 0.0495645 0.0024567 0.00400441 0.0494742 0.00246373 0.00708235 0.00698086
 0.000253448 0.04946 0.00244635 0.00396938 0.0493815 0.00245429 0.00705252 0.00695411
 0.000252726 0.0493562 0.0024361 0.00393464 0.0492895 0.00244494 0.00702297 0.00692763
 0.000251999 0.0492532 0.00242594 0.00390018 0.0491983 0.00243568 0.00699368 0.00690139
 0.000251267 0.049151 0.00241588 0.003866 0.0491077 0.00242651 0.00696467 0.00687541
 0.000250531 0.0490494 0.00240591 0.0038321 0.0490178 0.00241743 0.00693592 0.00684968
 0.00024979 0.0489486 0.00239602 0.00379848 0.0489286 0.00240843 0.00690743 0.00682419
 0.000249046 0.0488484 0.00238623 0.00376513 0.04884 0.00239953 0.0068792 0.00679895
 0.000248298 0.048749 0.00237653 0.00373206 0.0487521 0.0023907 0.00685122 0.00677394
 0.000247546 0.0486503 0.00236691 0.00369927 0.0486649 0.00238196 0.00682349 0.00674917
 0.000246791 0.0485522 0.00235738 0.00366674 0.0485783 0.0023733 0.00679601 0.00672463
 0.000246034 0.0484548 0.00234793 0.00363448 0.0484923 0.00236472 0.00676878 0.00670032
 0.000245273 0.0483581 0.00233857 0.00360249 0.048407 0.00235622 0.00674178 0.00667623
 0.000244509 0.048262 0.00232928 0.00357077 0.0483223 0.00234779 0.00671503 0.00665237
 0.000243744 0.0481667 0.00232009 0.00353931 0.0482382 0.00233945 0.00668851 0.00662872
 0.000242976 0.0480719 0.00231097 0.00350812 0.0481547 0.00233118 0.00666222 0.00660529
 0.000242205 0.0479778 0.00230193 0.00347718 0.0480718 0.00232298 0.00663616 0.00658207
 0.000241433 0.0478843 0.00229297 0.00344651 0.0479894 0.00231486 0.00661033 0.00655907
 0.00024066 0.0477915 0.00228409 0.00341609 0.0479077 0.00230682 0.00658472 0.00653626
 0.000239884 0.0476993 0.00227528 0.00338593 0.0478265 0.00229884 0.00655934 0.00651367
 0.000239108 0.0476077 0.00226655 0.00335602 0.047746 0.00229094 0.00653417 0.00649127
 0.00023833 0.0475167 0.00225789 0.00332636 0.0476659 0.00228311 0.00650921 0.00646908
 0.000237551 0.0474263 0.00224931 0.00329696 0.0475865 0.00227534 0.00648447 0.00644708
 0.000236771 0.0473365 0.0022408 0.0032678 0.0475075 0.00226764 0.00645994 0.00642527
 0.00023599 0.0472473 0.00223237 0.00323889 0.0474291 0.00226001 0.00643562 0.00640365
 0.000235209 0.0471587 0.002224 0.00321022 0.0473513 0.00225245 0.00641151 0.00638222
 0.000234427 0.0470707 0.00221571 0.0031818 0.047274 0.00224495 0.00638759 0.00636097
 0.000233645 0.0469832 0.00220748 0.00315362 0.0471972 0.00223752 0.00636388 0.00633991
 0.000232862 0.0468964 0.00219932 0.00312568 0.0471209 0.00223015 0.00634036 0.00631903
 0.000232079 0.04681 0.00219123 0.00309797 0.0470451 0.00222284 0.00631704 0.00629833
 0.000231297 0.0467243 0.00218321 0.00307051 0.0469699 0.0022156 0.00629392 0.0062778
 0.000230514 0.0466391 0.00217526 0.00304327 0.0468951 0.00220841 0.00627098 0.00625744
 0.000229732 0.0465544 0.00216736 0.00301627 0.0468209 0.00220129 0.00624823 0.00623726
 0.000228949 0.0464703 0.00215954 0.0029895 0.0467471 0.00219423 0.00622567 0.00621724
 0.000228168 0.0463867 0.00215178 0.00296296 0.0466738 0.00218722 0.00620329 0.00619739
 0.000227387 0.0463036 0.00214408 0.00293665 0.0466009 0.00218027 0.0061811 0.0061777
 0.000226606 0.0462211 0.00213644 0.00291056 0.0465286 0.00217338 0.00615908 0.00615818
 0.000225826 0.0461391 0.00212887 0.0028847 0.0464567 0.00216655 0.00613724 0.00613881
 0.000225047 0.0460576 0.00212135 0.00285905 0.0463853 0.00215977 0.00611558 0.00611961
 0.000224269 0.0459766 0.0021139 0.00283363 0.0463143 0.00215304 0.00609409 0.00610055
 0.000223491 0.0458961 0.0021065 0.00280843 0.0462438 0.00214637 0.00607278 0.00608165
 0.000222715 0.0458161 0.00209917 0.00278344 0.0461737 0.00213976 0.00605163 0.00606291
 0.00022194 0.0457366 0.00209189 0.00275867 0.046104 0.00213319 0.00603065 0.00604431
 0.000221166 0.0456576 0.00208467 0.00273411 0.0460348 0.00212668 0.00600983 0.00602586
 0.000220393 0.0455791 0.00207751 0.00270976 0.0459661 0.00212022 0.00598918 0.00600755
 0.000219622 0.0455011 0.0020704 0.00268563 0.0458977 0.00211381 0.00596869 0.00598939
 0.000218852 0.0454235 0.00206335 0.0026617 0.0458298 0.00210745 0.00594836 0.00597137
 0.000218084 0.0453465 0.00205635 0.00263798 0.0457622 0.00210114 0.00592819 0.00595349
 0.000217317 0.0452699 0.00204941 0.00261446 0.0456951 0.00209488 0.00590817 0.00593575
 0.000216552 0.0451937 0.00204252 0.00259114 0.0456284 0.00208867 0.00588831 0.00591814
 0.000215788 0.045118 0.00203568 0.00256803 0.0455621 0.0020825 0.00586861 0.00590067
 0.000215026 0.0450428 0.0020289 0.00254512 0.0454962 0.00207638 0.00584905 0.00588333
 0.000214266 0.044968 0.00202217 0.00252241 0.0454307 0.00207031 0.00582964 0.00586612
 0.000213508 0.0448937 0.00201549 0.00249989 0.0453655 0.00206428 0.00581038 0.00584905
 0.000212752 0.0448198 0.00200886 0.00247757 0.0453008 0.0020583 0.00579127 0.0058321
 0.000211997 0.0447463 0.00200228 0.00245544 0.0452364 0.00205236 0.0057723 0.00581527
 0.000211245 0.0446733 0.00199575 0.0024335 0.0451724 0.00204647 0.00575348 0.00579858
 0.000210495 0.0446007 0.00198926 0.00241176 0.0451088 0.00204062 0.00573479 0.005782
 0.000209747 0.0445285 0.00198283 0.0023902 0.0450455 0.00203481 0.00571625 0.00576555
 0.000209001 0.0444568 0.00197645 0.00236883 0.0449826 0.00202905 0.00569784 0.00574921
 0.000208257 0.0443854 0.00197011 0.00234765 0.0449201 0.00202332 0.00567957 0.005733
 0.000207515 0.0443145 0.00196382 0.00232665 0.0448579 0.00201764 0.00566144 0.0057169
 0.000206776 0.044244 0.00195758 0.00230583 0.044796 0.002012 0.00564344 0.00570092
 0.000206038 0.0441739 0.00195138 0.00228519 0.0447345 0.0020064 0.00562557 0.00568505
 0.000205304 0.0441042 0.00194522 0.00226473 0.0446734 0.00200084 0.00560783 0.0056693
 0.000204571 0.0440349 0.00193912 0.00224445 0.0446126 0.00199532 0.00559022 0.00565365
 0.000203841 0.043966 0.00193305 0.00222435 0.0445521 0.00198984 0.00557274 0.00563812
 0.000203113 0.0438975 0.00192703 0.00220442 0.044492 0.0019844 0.00555539 0.00562269
 0.000202388 0.0438294 0.00192106 0.00218467 0.0444322 0.00197899 0.00553816 0.00560738
 0.000201666 0.0437617 0.00191513 0.00216509 0.0443727 0.00197362 0.00552106 0.00559217
 0.000200945 0.0436943 0.00190924 0.00214568 0.0443135 0.00196829 0.00550408 0.00557706
 0.000200228 0.0436274 0.00190339 0.00212644 0.0442547 0.001963 0.00548722 0.00556206
 0.000199513 0.0435608 0.00189758 0.00210736 0.0441961 0.00195774 0.00547048 0.00554716
 0.0001988 0.0434946 0.00189182 0.00208845 0.0441379 0.00195252 0.00545386 0.00553236
 0.00019809 0.0434287 0.00188609 0.00206971 0.04408 0.00194733 0.00543736 0.00551767
 0.000197383 0.0433632 0.00188041 0.00205113 0.0440224 0.00194218 0.00542097 0.00550307
 0.000196678 0.0432981 0.00187476 0.00203271 0.0439651 0.00193706 0.0054047 0.00548857
 0.000195976 0.0432333 0.00186916 0.00201446 0.043908 0.00193197 0.00538855 0.00547416
 0.000195277 0.0431689 0.0018636 0.00199636 0.0438513 0.00192692 0.0053725 0.00545986
 0.00019458 0.0431049 0.00185807 0.00197842 0.0437949 0.00192191 0.00535657 0.00544564
 0.000193886 0.0430412 0.00185258 0.00196064 0.0437388 0.00191692 0.00534075 0.00543152
 0.000193195 0.0429778 0.00184713 0.00194301 0.0436829 0.00191197 0.00532504 0.00541749
 0.000192506 0.0429148 0.00184172 0.00192554 0.0436274 0.00190706 0.00530944 0.00540356
 0.00019182 0.0428522 0.00183634 0.00190822 0.0435721 0.00190217 0.00529394 0.00538971
 0.000191137 0.0427898 0.00183101 0.00189105 0.0435171 0.00189731 0.00527855 0.00537595
 0.000190457 0.0427278 0.0018257 0.00187403 0.0434624 0.00189249 0.00526327 0.00536228
 0.000189779 0.0426662 0.00182044 0.00185716 0.0434079 0.0018877 0.00524809 0.0053487
 0.000189105 0.0426049 0.00181521 0.00184044 0.0433537 0.00188293 0.00523301 0.0053352
 0.000188433 0.0425439 0.00181001 0.00182386 0.0432998 0.0018782 0.00521804 0.00532179
 0.000187763 0.0424832 0.00180486 0.00180743 0.0432461 0.0018735 0.00520317 0.00530847
 0.000187097 0.0424228 0.00179973 0.00179114 0.0431928 0.00186882 0.00518839 0.00529522
 0.000186433 0.0423628 0.00179464 0.001775 0.0431396 0.00186418 0.00517372 0.00528206
 0.000185773 0.0423031 0.00178959 0.00175899 0.0430868 0.00185956 0.00515914 0.00526899
 0.000185115 0.0422437 0.00178456 0.00174313 0.0430341 0.00185497 0.00514466 0.00525599
 0.000184459 0.0421846 0.00177957 0.0017274 0.0429818 0.00185042 0.00513028 0.00524307
 0.000183807 0.0421258 0.00177462 0.00171182 0.0429296 0.00184588 0.00511599 0.00523023
 0.000183157 0.0420673 0.00176969 0.00169636 0.0428778 0.00184138 0.0051018 0.00521747
 0.000182511 0.0420092 0.0017648 0.00168105 0.0428261 0.0018369 0.0050877 0.00520479
 0.000181867 0.0419513 0.00175995 0.00166587 0.0427748 0.00183246 0.00507369 0.00519218
 0.000181225 0.0418937 0.00175512 0.00165082 0.0427236 0.00182803 0.00505978 0.00517965
 0.000180587 0.0418365 0.00175032 0.0016359 0.0426727 0.00182364 0.00504595 0.00516719
 0.000179951 0.0417795 0.00174556 0.00162111 0.042622 0.00181927 0.00503222 0.00515481
 0.000179319 0.0417228 0.00174083 0.00160645 0.0425716 0.00181492 0.00501857 0.0051425
 0.000178689 0.0416664 0.00173612 0.00159192 0.0425214 0.0018106 0.00500502 0.00513027
 0.000178061 0.0416103 0.00173145 0.00157752 0.0424714 0.00180631 0.00499155 0.0051181
 0.000177437 0.0415545 0.00172681 0.00156324 0.0424217 0.00180204 0.00497816 0.00510601
 0.000176815 0.041499 0.0017222 0.00154909 0.0423722 0.0017978 0.00496487 0.00509399
 0.000176197 0.0414437 0.00171761 0.00153506 0.0423229 0.00179358 0.00495165 0.00508203
 0.000175581 0.0413887 0.00171306 0.00152116 0.0422738 0.00178939 0.00493853 0.00507015
 0.000174967 0.041334 0.00170853 0.00150737 0.0422249 0.00178522 0.00492548 0.00505833
 0.000174357 0.0412796 0.00170404 0.00149371 0.0421763 0.00178107 0.00491252 0.00504658
 0.000173749 0.0412255 0.00169957 0.00148017 0.0421279 0.00177695 0.00489964 0.0050349
 0.000173144 0.0411716 0.00169513 0.00146674 0.0420797 0.00177285 0.00488684 0.00502329
 0.000172541 0.041118 0.00169072 0.00145343 0.0420316 0.00176877 0.00487412 0.00501174
 0.000171942 0.0410646 0.00168633 0.00144024 0.0419839 0.00176472 0.00486148 0.00500025
 0.000171345 0.0410115 0.00168198 0.00142716 0.0419363 0.00176069 0.00484892 0.00498883
 0.000170751 0.0409587 0.00167765 0.0014142 0.0418889 0.00175668 0.00483644 0.00497747
 0.000170159 0.0409062 0.00167334 0.00140135 0.0418417 0.00175269 0.00482403 0.00496618
 0.00016957 0.0408539 0.00166907 0.00138861 0.0417948 0.00174873 0.0048117 0.00495495
 0.000168984 0.0408018 0.00166482 0.00137599 0.041748 0.00174479 0.00479945 0.00494378
 0.000168401 0.04075 0.00166059 0.00136347 0.0417014 0.00174087 0.00478727 0.00493267
 0.00016782 0.0406985 0.00165639 0.00135107 0.041655 0.00173697 0.00477517 0.00492162
 0.000167242 0.0406472 0.00165222 0.00133877 0.0416089 0.00173309 0.00476314 0.00491063
 0.000166666 0.0405962 0.00164808 0.00132658 0.0415629 0.00172923 0.00475119 0.0048997
 0.000166094 0.0405454 0.00164395 0.00131449 0.0415171 0.0017254 0.00473931 0.00488883
 0.000165523 0.0404948 0.00163986 0.00130251 0.0414715 0.00172158 0.0047275 0.00487802
 0.000164956 0.0404445 0.00163579 0.00129064 0.0414261 0.00171779 0.00471576 0.00486727
 0.000164391 0.0403944 0.00163174 0.00127887 0.0413809 0.00171401 0.00470409 0.00485657
 0.000163828 0.0403446 0.00162771 0.0012672 0.0413358 0.00171026 0.00469249 0.00484593
 0.000163268 0.040295 0.00162372 0.00125563 0.041291 0.00170652 0.00468096 0.00483535
 0.000162711 0.0402457 0.00161974 0.00124416 0.0412463 0.00170281 0.0046695 0.00482482
 0.000162156 0.0401966 0.00161579 0.0012328 0.0412018 0.00169911 0.00465811 0.00481435
 0.000161604 0.0401477 0.00161186 0.00122153 0.0411575 0.00169543 0.00464679 0.00480393
 0.000161054 0.040099 0.00160796 0.00121036 0.0411134 0.00169177 0.00463553 0.00479357
 0.000160507 0.0400506 0.00160408 0.00119929 0.0410694 0.00168814 0.00462434 0.00478326
 0.000159962 0.0400024 0.00160022 0.00118831 0.0410257 0.00168452 0.00461322 0.004773
 0.000159419 0.0399544 0.00159638 0.00117743 0.0409821 0.00168091 0.00460216 0.0047628
 0.00015888 0.0399067 0.00159257 0.00116664 0.0409386 0.00167733 0.00459116 0.00475265
 0.000158342 0.0398591 0.00158878 0.00115595 0.0408954 0.00167377 0.00458023 0.00474255
 0.000157807 0.0398118 0.00158501 0.00114535 0.0408523 0.00167022 0.00456937 0.0047325
 0.000157275 0.0397647 0.00158126 0.00113484 0.0408094 0.00166669 0.00455856 0.0047225
 0.000156745 0.0397179 0.00157753 0.00112442 0.0407666 0.00166318 0.00454782 0.00471255
 0.000156217 0.0396712 0.00157383 0.00111409 0.040724 0.00165969 0.00453715 0.00470265
 0.000155692 0.0396248 0.00157015 0.00110385 0.0406816 0.00165621 0.00452653 0.00469281
 0.000155169 0.0395785 0.00156648 0.0010937 0.0406394 0.00165275 0.00451597 0.00468301
 0.000154648 0.0395325 0.00156284 0.00108364 0.0405973 0.00164931 0.00450548 0.00467326
 0.00015413 0.0394867 0.00155922 0.00107367 0.0405554 0.00164589 0.00449504 0.00466355
 0.000153614 0.0394411 0.00155562 0.00106378 0.0405136 0.00164248 0.00448466 0.0046539
 0.0001531 0.0393957 0.00155205 0.00105397 0.040472 0.00163909 0.00447435 0.00464429
 0.000152589 0.0393505 0.00154849 0.00104426 0.0404305 0.00163572 0.00446409 0.00463473
 0.00015208 0.0393055 0.00154495 0.00103462 0.0403892 0.00163236 0.00445389 0.00462522
 0.000151573 0.0392608 0.00154143 0.00102507 0.0403481 0.00162902 0.00444374 0.00461575
 0.000151069 0.0392162 0.00153793 0.0010156 0.0403071 0.0016257 0.00443366 0.00460633
 0.000150567 0.0391718 0.00153445 0.00100621 0.0402663 0.00162239 0.00442363 0.00459696
 0.000150067 0.0391276 0.00153099 0.000996902 0.0402256 0.00161909 0.00441365 0.00458763
 0.000149569 0.0390836 0.00152755 0.000987674 0.0401851 0.00161582 0.00440373 0.00457834
 0.000149074 0.0390398 0.00152413 0.000978526 0.0401447 0.00161255 0.00439387 0.0045691
 0.00014858 0.0389962 0.00152073 0.000969456 0.0401045 0.00160931 0.00438406 0.00455991
 0.000148089 0.0389528 0.00151734 0.000960463 0.0400644 0.00160608 0.00437431 0.00455075
 0.0001476 0.0389096 0.00151398 0.000951548 0.0400245 0.00160286 0.0043646 0.00454164
 0.000147113 0.0388666 0.00151063 0.000942709 0.0399847 0.00159966 0.00435496 0.00453257
 0.000146629 0.0388237 0.0015073 0.000933945 0.039945 0.00159648 0.00434536 0.00452355
 0.000146146 0.0387811 0.00150399 0.000925256 0.0399055 0.00159331 0.00433582 0.00451457
 0.000145666 0.0387386 0.0015007 0.000916642 0.0398662 0.00159015 0.00432633 0.00450563
 0.000145187 0.0386963 0.00149743 0.000908101 0.039827 0.00158701 0.00431689 0.00449673
 0.000144711 0.0386542 0.00149417 0.000899632 0.0397879 0.00158389 0.0043075 0.00448787
 0.000144237 0.0386123 0.00149093 0.000891236 0.039749 0.00158077 0.00429816 0.00447905
 0.000143765 0.0385706 0.00148771 0.000882911 0.0397102 0.00157768 0.00428887 0.00447028
 0.000143295 0.038529 0.00148451 0.000874657 0.0396715 0.00157459 0.00427964 0.00446154
 0.000142827 0.0384876 0.00148132 0.000866473 0.039633 0.00157153 0.00427045 0.00445285
 0.000142361 0.0384464 0.00147815 0.000858358 0.0395946 0.00156847 0.00426131 0.00444419
 0.000141897 0.0384054 0.00147499 0.000850312 0.0395564 0.00156543 0.00425222 0.00443557
 0.000141435 0.0383645 0.00147186 0.000842335 0.0395183 0.0015624 0.00424318 0.004427
 0.000140975 0.0383239 0.00146874 0.000834424 0.0394803 0.00155939 0.00423418 0.00441846
 0.000140517 0.0382834 0.00146564 0.000826581 0.0394424 0.00155639 0.00422524 0.00440996
 0.000140061 0.038243 0.00146255 0.000818803 0.0394047 0.0015534 0.00421634 0.0044015
 0.000139607 0.0382028 0.00145948 0.000811091 0.0393671 0.00155043 0.00420748 0.00439307
 0.000139155 0.0381628 0.00145642 0.000803444 0.0393297 0.00154747 0.00419868 0.00438468
 0.000138705 0.038123 0.00145338 0.000795861 0.0392923 0.00154452 0.00418992 0.00437633
 0.000138257 0.0380833 0.00145036 0.000788342 0.0392552 0.00154159 0.0041812 0.00436802
 0.00013781 0.0380438 0.00144735 0.000780886 0.0392181 0.00153867 0.00417253 0.00435975
 0.000137366 0.0380045 0.00144436 0.000773493 0.0391811 0.00153576 0.00416391 0.00435151
 0.000136923 0.0379653 0.00144139 0.000766161 0.0391443 0.00153286 0.00415533 0.0043433
 0.000136482 0.0379263 0.00143842 0.000758891 0.0391076 0.00152998 0.00414679 0.00433514
 0.000136043 0.0378875 0.00143548 0.000751681 0.0390711 0.00152711 0.0041383 0.004327
 0.000135606 0.0378488 0.00143255 0.000744531 0.0390346 0.00152426 0.00412985 0.00431891
 0.000135171 0.0378102 0.00142963 0.000737441 0.0389983 0.00152141 0.00412144 0.00431085
 0.000134738 0.0377719 0.00142673 0.00073041 0.0389621 0.00151858 0.00411308 0.00430282
 0.000134306 0.0377336 0.00142384 0.000723437 0.038926 0.00151576 0.00410476 0.00429483
 0.000133876 0.0376956 0.00142097 0.000716522 0.03889 0.00151295 0.00409648 0.00428687
 0.000133448 0.0376576 0.00141812 0.000709665 0.0388542 0.00151015 0.00408825 0.00427895
 0.000133022 0.0376199 0.00141527 0.000702864 0.0388185 0.00150737 0.00408005 0.00427106
 0.000132598 0.0375823 0.00141245 0.000696119 0.0387829 0.0015046 0.0040719 0.00426321
 0.000132175 0.0375448 0.00140963 0.000689429 0.0387474 0.00150184 0.00406378 0.00425538
 0.000131754 0.0375075 0.00140683 0.000682795 0.038712 0.00149909 0.00405571 0.00424759
 0.000131335 0.0374704 0.00140404 0.000676215 0.0386768 0.00149635 0.00404768 0.00423984
 0.000130917 0.0374333 0.00140127 0.00066969 0.0386416 0.00149362 0.00403969 0.00423212
 0.000130501 0.0373965 0.00139851 0.000663217 0.0386066 0.00149091 0.00403173 0.00422442
 0.000130087 0.0373598 0.00139577 0.000656798 0.0385717 0.00148821 0.00402382 0.00421677
 0.000129675 0.0373232 0.00139304 0.000650431 0.0385369 0.00148551 0.00401594 0.00420914
 0.000129264 0.0372868 0.00139032 0.000644116 0.0385022 0.00148283 0.00400811 0.00420155
 0.000128855 0.0372505 0.00138761 0.000637853 0.0384676 0.00148017 0.00400031 0.00419398
 0.000128447 0.0372143 0.00138492 0.00063164 0.0384332 0.00147751 0.00399255 0.00418645
 0.000128042 0.0371783 0.00138224 0.000625478 0.0383988 0.00147486 0.00398483 0.00417895
 0.000127637 0.0371425 0.00137958 0.000619366 0.0383646 0.00147222 0.00397715 0.00417148
 0.000127235 0.0371067 0.00137693 0.000613303 0.0383304 0.0014696 0.0039695 0.00416404
 0.000126834 0.0370711 0.00137429 0.000607289 0.0382964 0.00146698 0.00396189 0.00415663
 0.000126435 0.0370357 0.00137166 0.000601323 0.0382625 0.00146438 0.00395432 0.00414925
 0.000126037 0.0370004 0.00136904 0.000595406 0.0382287 0.00146179 0.00394678 0.00414191
 0.000125641 0.0369652 0.00136644 0.000589536 0.038195 0.0014592 0.00393928 0.00413459
 0.000125246 0.0369302 0.00136385 0.000583713 0.0381614 0.00145663 0.00393181 0.0041273
 0.000124853 0.0368953 0.00136128 0.000577937 0.0381279 0.00145407 0.00392438 0.00412004
 0.000124462 0.0368605 0.00135871 0.000572207 0.0380945 0.00145152 0.00391699 0.00411281
 0.000124072 0.0368259 0.00135616 0.000566522 0.0380612 0.00144898 0.00390963 0.00410561
 0.000123684 0.0367913 0.00135362 0.000560883 0.038028 0.00144645 0.00390231 0.00409844
 0.000123297 0.036757 0.00135109 0.000555289 0.037995 0.00144392 0.00389502 0.0040913
 0.000122912 0.0367227 0.00134857 0.000549738 0.037962 0.00144141 0.00388776 0.00408418
 0.000122528 0.0366886 0.00134607 0.000544232 0.0379291 0.00143891 0.00388054 0.0040771
 0.000122146 0.0366546 0.00134357 0.000538769 0.0378963 0.00143642 0.00387335 0.00407004
 0.000121765 0.0366207 0.00134109 0.00053335 0.0378637 0.00143394 0.0038662 0.00406301
 0.000121386 0.036587 0.00133862 0.000527973 0.0378311 0.00143147 0.00385908 0.00405601
 0.000121008 0.0365534 0.00133616 0.000522638 0.0377986 0.00142901 0.00385199 0.00404903
 0.000120632 0.0365199 0.00133372 0.000517344 0.0377662 0.00142656 0.00384493 0.00404208
 0.000120257 0.0364865 0.00133128 0.000512093 0.037734 0.00142411 0.00383791 0.00403516
 0.000119883 0.0364533 0.00132886 0.000506882 0.0377018 0.00142168 0.00383092 0.00402827
 0.000119511 0.0364202 0.00132644 0.000501711 0.0376697 0.00141926 0.00382396 0.00402141
 0.000119141 0.0363872 0.00132404 0.000496581 0.0376377 0.00141684 0.00381704 0.00401457
 0.000118772 0.0363543 0.00132165 0.00049149 0.0376058 0.00141444 0.00381014 0.00400775
 0.000118404 0.0363215 0.00131927 0.000486439 0.037574 0.00141205 0.00380328 0.00400097
 0.000118038 0.0362889 0.0013169 0.000481427 0.0375423 0.00140966 0.00379644 0.00399421
 0.000117673 0.0362564 0.00131454 0.000476453 0.0375107 0.00140728 0.00378964 0.00398747
 0.000117309 0.036224 0.00131219 0.000471518 0.0374792 0.00140492 0.00378287 0.00398077
 0.000116947 0.0361917 0.00130985 0.00046662 0.0374478 0.00140256 0.00377613 0.00397408
 0.000116587 0.0361595 0.00130752 0.00046176 0.0374165 0.00140021 0.00376942 0.00396743
 0.000116227 0.0361275 0.00130521 0.000456936 0.0373853 0.00139787 0.00376274 0.0039608
 0.000115869 0.0360955 0.0013029 0.00045215 0.0373541 0.00139554 0.00375609 0.00395419
 0.000115513 0.0360637 0.0013006 0.000447399 0.0373231 0.00139321 0.00374947 0.00394761
 0.000115158 0.036032 0.00129832 0.000442685 0.0372921 0.0013909 0.00374288 0.00394105
 0.000114804 0.0360004 0.00129604 0.000438006 0.0372613 0.00138859 0.00373632 0.00393452
 0.000114451 0.0359689 0.00129377 0.000433363 0.0372305 0.0013863 0.00372978 0.00392801
 0.0001141 0.0359375 0.00129152 0.000428754 0.0371998 0.00138401 0.00372328 0.00392153
 0.00011375 0.0359063 0.00128927 0.00042418 0.0371692 0.00138173 0.0037168 0.00391507
 0.000113401 0.0358751 0.00128704 0.00041964 0.0371387 0.00137946 0.00371036 0.00390864
 0.000113054 0.0358441 0.00128481 0.000415133 0.0371083 0.0013772 0.00370394 0.00390223
 0.000112708 0.0358131 0.00128259 0.000410661 0.037078 0.00137495 0.00369755 0.00389585
 0.000112363 0.0357823 0.00128038 0.000406221 0.0370477 0.0013727 0.00369118 0.00388948
 0.00011202 0.0357516 0.00127819 0.000401814 0.0370176 0.00137046 0.00368485 0.00388315
 0.000111678 0.0357209 0.001276 0.00039744 0.0369875 0.00136823 0.00367854 0.00387683
 0.000111337 0.0356904 0.00127382 0.000393098 0.0369575 0.00136601 0.00367226 0.00387054
 0.000110997 0.03566 0.00127165 0.000388787 0.0369276 0.0013638 0.003666 0.00386427
 0.000110659 0.0356297 0.00126949 0.000384509 0.0368978 0.0013616 0.00365978 0.00385802
 0.000110322 0.0355995 0.00126734 0.000380261 0.0368681 0.0013594 0.00365357 0.0038518
 0.000109986 0.0355694 0.0012652 0.000376044 0.0368385 0.00135721 0.0036474 0.0038456
 0.000109651 0.0355394 0.00126306 0.000371858 0.0368089 0.00135503 0.00364125 0.00383943
 0.000109318 0.0355096 0.00126094 0.000367703 0.0367794 0.00135286 0.00363513 0.00383327
 0.000108986 0.0354798 0.00125883 0.000363577 0.03675 0.0013507 0.00362903 0.00382714
 0.000108655 0.0354501 0.00125672 0.00035948 0.0367207 0.00134854 0.00362296 0.00382103
 0.000108325 0.0354205 0.00125462 0.000355414 0.0366915 0.00134639 0.00361692 0.00381494
 0.000107996 0.035391 0.00125254 0.000351376 0.0366623 0.00134425 0.0036109 0.00380887
 0.000107669 0.0353616 0.00125046 0.000347367 0.0366333 0.00134212 0.0036049 0.00380283
 0.000107343 0.0353323 0.00124839 0.000343386 0.0366043 0.00133999 0.00359893 0.00379681
 0.000107018 0.0353031 0.00124632 0.000339434 0.0365754 0.00133787 0.00359299 0.00379081
 0.000106694 0.035274 0.00124427 0.000335509 0.0365466 0.00133576 0.00358707 0.00378483
 0.000106372 0.035245 0.00124222 0.000331613 0.0365178 0.00133366 0.00358117 0.00377887
 0.00010605 0.0352161 0.00124019 0.000327743 0.0364892 0.00133157 0.0035753 0.00377293
 0.00010573 0.0351873 0.00123816 0.000323901 0.0364606 0.00132948 0.00356946 0.00376702
 0.000105411 0.0351586 0.00123614 0.000320085 0.0364321 0.0013274 0.00356363 0.00376112
 0.000105093 0.03513 0.00123413 0.000316296 0.0364036 0.00132532 0.00355783 0.00375525
 0.000104776 0.0351015 0.00123213 0.000312533 0.0363753 0.00132326 0.00355206 0.00374939
 0.000104461 0.0350731 0.00123013 0.000308796 0.036347 0.0013212 0.00354631 0.00374356
 0.000104146 0.0350447 0.00122814 0.000305085 0.0363188 0.00131915 0.00354058 0.00373775
 0.000103833 0.0350165 0.00122616 0.0003014 0.0362907 0.00131711 0.00353487 0.00373196
 0.000103521 0.0349883 0.00122419 0.000297739 0.0362626 0.00131507 0.00352919 0.00372619
 0.00010321 0.0349603 0.00122223 0.000294104 0.0362347 0.00131304 0.00352353 0.00372044
 0.0001029 0.0349323 0.00122027 0.000290493 0.0362068 0.00131102 0.00351789 0.0037147
 0.000102591 0.0349044 0.00121833 0.000286907 0.036179 0.001309 0.00351228 0.00370899
 0.000102283 0.0348766 0.00121639 0.000283345 0.0361512 0.00130699 0.00350669 0.0037033
 0.000101976 0.0348489 0.00121446 0.000279806 0.0361236 0.00130499 0.00350112 0.00369763
 0.000101671 0.0348213 0.00121253 0.000276292 0.036096 0.00130299 0.00349557 0.00369198
 0.000101366 0.0347937 0.00121062 0.000272801 0.0360684 0.00130101 0.00349005 0.00368634
 0.000101063 0.0347663 0.00120871 0.000269333 0.036041 0.00129903 0.00348454 0.00368073
 0.00010076 0.034739 0.0012068 0.000265889 0.0360136 0.00129705 0.00347906 0.00367514
 0.000100459 0.0347117 0.00120491 0.000262467 0.0359863 0.00129508 0.0034736 0.00366956
 0.000100159 0.0346845 0.00120302 0.000259067 0.0359591 0.00129312 0.00346816 0.00366401
 9.98599e-005 0.0346574 0.00120115 0.00025569 0.0359319 0.00129117 0.00346275 0.00365847
 9.95618e-005 0.0346304 0.00119927 0.000252335 0.0359048 0.00128922 0.00345735 0.00365295
 9.92648e-005 0.0346035 0.00119741 0.000249002 0.0358778 0.00128728 0.00345198 0.00364745
 9.89689e-005 0.0345766 0.00119555 0.000245691 0.0358509 0.00128535 0.00344662 0.00364197
 9.8674e-005 0.0345499 0.0011937 0.000242401 0.035824 0.00128342 0.00344129 0.00363651
 9.83801e-005 0.0345232 0.00119186 0.000239132 0.0357972 0.0012815 0.00343598 0.00363106
 9.80873e-005 0.0344966 0.00119002 0.000235884 0.0357705 0.00127958 0.00343068 0.00362564
 9.77955e-005 0.0344701 0.00118819 0.000232657 0.0357438 0.00127767 0.00342541 0.00362023
 9.75047e-005 0.0344436 0.00118637 0.000229451 0.0357172 0.00127577 0.00342016 0.00361484
 9.7215e-005 0.0344173 0.00118456 0.000226265 0.0356907 0.00127388 0.00341493 0.00360947
 9.69262e-005 0.034391 0.00118275 0.000223099 0.0356642 0.00127199 0.00340972 0.00360412
 9.66385e-005 0.0343648 0.00118095 0.000219953 0.0356378 0.0012701 0.00340453 0.00359878
 9.63518e-005 0.0343387 0.00117916 0.000216827 0.0356115 0.00126823 0.00339935 0.00359346
 9.60661e-005 0.0343127 0.00117737 0.00021372 0.0355853 0.00126636 0.0033942 0.00358816
 9.57814e-005 0.0342867 0.00117559 0.000210633 0.0355591 0.00126449 0.00338907 0.00358288
 9.54977e-005 0.0342608 0.00117381 0.000207565 0.035533 0.00126263 0.00338395 0.00357762
 9.52149e-005 0.034235 0.00117205 0.000204515 0.0355069 0.00126078 0.00337886 0.00357237
 9.49333e-005 0.0342093 0.00117029 0.000201485 0.0354809 0.00125894 0.00337378 0.00356714
 9.46524e-005 0.0341837 0.00116853 0.000198473 0.035455 0.0012571 0.00336873 0.00356193
 9.43729e-005 0.0341581 0.00116679 0.00019548 0.0354291 0.00125526 0.00336369 0.00355673
 9.40937e-005 0.0341326 0.00116504 0.000192505 0.0354034 0.00125343 0.00335867 0.00355155
 9.38163e-005 0.0341072 0.00116331 0.000189548 0.0353776 0.00125161 0.00335367 0.00354639
 9.35389e-005 0.0340819 0.00116158 0.000186608 0.035352 0.0012498 0.00334869 0.00354124
 9.32637e-005 0.0340566 0.00115986 0.000183688 0.0353264 0.00124799 0.00334373 0.00353611
 9.29879e-005 0.0340314 0.00115814 0.000180782 0.0353008 0.00124618 0.00333878 0.003531
 9.27151e-005 0.0340063 0.00115644 0.000177897 0.0352754 0.00124438 0.00333385 0.00352591
 9.24405e-005 0.0339812 0.00115473 0.000175025 0.03525 0.00124259 0.00332895 0.00352083
 9.21705e-005 0.0339563 0.00115304 0.000172176 0.0352246 0.0012408 0.00332405 0.00351576
 9.18966e-005 0.0339314 0.00115135 0.000169335 0.0351994 0.00123902 0.00331918 0.00351072
 9.16301e-005 0.0339065 0.00114966 0.000166523 0.0351741 0.00123725 0.00331433 0.00350569
 9.13559e-005 0.0338818 0.00114798 0.00016371 0.035149 0.00123548 0.00330949 0.00350068
 9.1094e-005 0.0338571 0.00114631 0.000160937 0.0351239 0.00123371 0.00330467 0.00349567
 9.0818e-005 0.0338325 0.00114465 0.000158149 0.0350989 0.00123196 0.00329986 0.0034907
 9.0563e-005 0.0338079 0.00114299 0.000155418 0.0350739 0.0012302 0.00329508 0.00348572
 9.02821e-005 0.0337835 0.00114133 0.000152648 0.035049 0.00122846 0.00329031 0.00348078
 9.00379e-005 0.0337591 0.00113968 0.000149967 0.0350241 0.00122671 0.00328556 0.00347584
 8.97468e-005 0.0337347 0.00113804 0.000147204 0.0349994 0.00122498 0.00328082 0.00347093
 8.95206e-005 0.0337105 0.0011364 0.000144586 0.0349746 0.00122324 0.00327611 0.00346601
 8.92094e-005 0.0336863 0.00113477 0.00014181 0.0349501 0.00122153 0.00327141 0.00346115
 8.90145e-005 0.0336622 0.00113315 0.000139282 0.0349253 0.0012198 0.00326672 0.00345624
 8.86654e-005 0.0336381 0.00113153 0.000136455 0.034901 0.0012181 0.00326205 0.00345143
 8.85261e-005 0.0336141 0.00112992 0.000134066 0.0348762 0.00121637 0.0032574 0.00344652
 8.81059e-005 0.0335902 0.00112831 0.000131119 0.0348522 0.0012147 0.00325277 0.00344179
 8.80671e-005 0.0335663 0.00112671 0.000128961 0.0348272 0.00121295 0.00324815 0.00343685
 8.75146e-005 0.0335426 0.00112511 0.000125769 0.0348038 0.00121132 0.00324355 0.00343222
 8.76599e-005 0.0335188 0.00112352 0.000124013 0.0347784 0.00120955 0.00323896 0.00342721
 8.68608e-005 0.0334952 0.00112193 0.00012034 0.0347558 0.00120798 0.00323439 0.00342276
 8.73467e-005 0.0334716 0.00112036 0.000119307 0.0347296 0.00120616 0.00322984 0.00341759
 8.60866e-005 0.0334481 0.00111878 0.00011471 0.0347085 0.00120469 0.00322531 0.00341344
 8.7207e-005 0.0334247 0.00111722 0.000115008 0.0346805 0.00120275 0.00322079 0.00340795
 8.5082e-005 0.0334014 0.00111566 0.000108651 0.0346622 0.00120148 0.0032163 0.00340435
 8.73929e-005 0.0333782 0.00111411 0.000111429 0.0346312 0.00119933 0.00321185 0.00339825
 8.36371e-005 0.0333553 0.00111258 0.000101724 0.0346182 0.00119843 0.00320743 0.0033957
 8.81954e-005 0.0333327 0.00111108 0.000109175 0.0345815 0.00119589 0.00320309 0.00338851
 8.13491e-005 0.0333108 0.00110961 9.30856e-005 0.0345793 0.00119574 0.00319887 0.00338807
 9.01748e-005 0.0332899 0.00110823 0.000109411 0.0345333 0.00119256 0.00319488 0.00337906
 7.74414e-005 0.0332712 0.00110698 8.1104e-005 0.0345543 0.00119401 0.00319128 0.00338316
 9.44172e-005 0.0332565 0.001106 0.000114395 0.0344957 0.00118997 0.00318846 0.00337172
 7.04102e-005 0.0332494 0.00110552 6.25991e-005 0.0345715 0.00119519 0.00318708 0.00338653
 7.04102e-005 0.0332494 0.00110552 8.5735e-005 0.0344936 0.00118982 0.00318708 0.00337129
 8.84497e-005 0.0332083 0.0011028 9.19859e-005 0.0344685 0.00118808 0.00317923 0.00336638
 8.33916e-005 0.0331939 0.00110184 9.00927e-005 0.0344581 0.00118737 0.00317647 0.00336436
 8.3768e-005 0.0331828 0.00110111 8.8871e-005 0.0344469 0.0011866 0.00317435 0.00336216
 8.37005e-005 0.0331718 0.00110038 8.77631e-005 0.0344355 0.00118581 0.00317225 0.00335994
 8.35592e-005 0.0331608 0.00109965 8.66136e-005 0.0344242 0.00118503 0.00317014 0.00335774
 8.34476e-005 0.0331499 0.00109892 8.5473e-005 0.0344129 0.00118425 0.00316804 0.00335553
 8.33318e-005 0.0331389 0.00109819 8.43351e-005 0.0344016 0.00118348 0.00316595 0.00335333
 8.3216e-005 0.0331279 0.00109747 8.31997e-005 0.0343903 0.0011827 0.00316386 0.00335113
 8.31004e-005 0.033117 0.00109674 8.20668e-005 0.0343791 0.00118193 0.00316177 0.00334894
 8.29848e-005 0.0331061 0.00109602 8.09365e-005 0.0343678 0.00118115 0.00315968 0.00334674
 8.28693e-005 0.0330952 0.0010953 7.98088e-005 0.0343566 0.00118038 0.0031576 0.00334456
 8.27539e-005 0.0330843 0.00109458 7.86835e-005 0.0343454 0.00117961 0.00315552 0.00334237
 8.26387e-005 0.0330734 0.00109386 7.75608e-005 0.0343341 0.00117884 0.00315345 0.00334019
 8.25236e-005 0.0330625 0.00109314 7.64407e-005 0.0343229 0.00117807 0.00315137 0.00333801
 8.24086e-005 0.0330517 0.00109242 7.53231e-005 0.0343118 0.0011773 0.00314931 0.00333583
 8.22938e-005 0.0330408 0.0010917 7.4208e-005 0.0343006 0.00117654 0.00314724 0.00333366
 8.21791e-005 0.03303 0.00109099 7.30954e-005 0.0342894 0.00117577 0.00314518 0.00333149
 8.20646e-005 0.0330192 0.00109027 7.19853e-005 0.0342783 0.001175 0.00314312 0.00332932
 8.19503e-005 0.0330084 0.00108956 7.08778e-005 0.0342671 0.00117424 0.00314106 0.00332716
