 0.172377
 0.00948605
 0.106354
 0.498094
 -0.369137
 -0.435734
 0.208614
 0.877236
 -0.797068
 0.229551
 0.101194
 0.885391
 -0.665724
 0.417225
 -0.728688
 0.750887
 -0.507822
 0.787139
 -0.597874
 0.423798
 -0.268376
 -0.441573
 -0.189334
 0.912312
 -0.576393
 0.978048
 -0.812779
 -0.2166
 -0.600785
 0.651097
 -0.0649183
 0.986098
 -0.189971
 -0.966345
 0.191617
 0.0752927
 1.07837
 0.210962
 -0.125885
 -0.417489
 0.41607
 -0.0635598
 0.516282
 -0.943113
 -0.65865
 0.247159
 0.343617
 0.618744
 -0.0876867
 -0.609329
 -1.03281
 -0.732491
 0.924107
 -0.025595
 -0.234371
 -0.568103
 0.282726
 -0.636028
 0.983084
 0.76635
 -0.236265
 0.66158
 0.250413
 -0.369713
 0.0603832
 -0.661655
 -0.897047
 -0.0223396
 -0.944799
 0.836421
 0.077799
 -0.113623
 -0.0346082
 -0.836827
 0.279377
 -0.944344
 -0.239835
 0.453539
 0.377839
 0.124225
 0.129311
 0.319117
 -0.323779
 -1.02232
 0.52181
 0.200148
 0.740493
 -0.938636
 -0.64304
 -0.482406
 0.921369
 0.0831634
 -0.958446
 0.716462
 0.794867
 -0.341586
 0.392695
 -0.283769
 -0.291195
 -0.745149
 0.784333
 0.197612
 0.833121
 -0.149235
 0.785337
 -0.178169
 0.246827
 -0.452459
 0.436599
 0.133919
 0.395138
 0.323778
 0.340517
 0.870075
 -0.347487
 0.361162
 0.310205
 0.952626
 0.337149
 -0.0866865
 0.235823
 -0.653041
 0.969526
 -0.306889
 0.533591
 -0.8301
 0.949966
 0.0188027
 0.709062
 -0.69254
 -0.966619
 -0.194955
 -0.353469
 -0.487863
 0.931012
 0.671927
 -0.917501
 -0.880352
 0.455115
 0.745233
 0.0182956
 0.478033
 0.02136
 0.097747
 0.101014
 -0.306349
 -0.486089
 0.684724
 0.23853
 0.52881
 -0.140419
 1.00273
 0.173684
 0.990213
 0.299509
 -0.595803
 -0.570441
 -0.465695
 0.612049
 -0.210039
 0.81147
 -0.361338
 0.864352
 -1.20615
 0.313468
 -1.0203
 -0.648564
 0.974768
 -0.8876
 0.829846
 0.19528
 -0.611114
 -0.268689
 -0.393788
 0.861757
 0.274973
 -0.951349
 -0.696089
 -0.864192
 0.831152
 0.89169
 -0.820784
 -0.470849
 0.298742
 -0.961038
 -0.676913
 -0.316391
 -0.516233
 -0.691517
 -0.432587
 -0.0580253
 -0.240728
 -0.246003
 -1.02108
 0.720796
 0.131419
 -0.616197
 0.159537
 -0.476871
 -0.60872
 -0.460529
 0.404318
 0.315499
 -0.468654
 -0.168441
 -0.376041
 0.684075
 0.142806
 0.52349
 -0.0223243
 0.0413779
 -0.353668
 0.194755
 0.762757
 0.478036
 -0.212393
 -0.872181
 -0.411472
 0.840913
 -0.416331
 -0.710885
 -1.1222
 0.118528
 -0.941208
 -0.72319
 0.0891399
 0.877181
 -0.441377
 -0.621214
 -0.896115
 -0.375038
 0.614112
 -0.223171
 -0.768499
 0.72218
 0.407051
 -0.737695
 0.397986
 -0.382048
 0.737307
 -0.570212
 1.04543
 -0.771836
 0.766745
 -0.0992825
 0.199612
 -0.0437296
 -0.818103
 -0.066341
 -0.130831
 0.477453
 0.41751
 -0.0598237
 -0.614268
 -0.288622
 0.970157
 -0.0893711
 0.532506
 -0.298734
 0.535221
 -1.07265
 0.119502
 -1.07861
 0.0473177
 -0.326166
 0.168499
 0.0711937
 0.737893
 -0.269515
 0.569193
 -1.12162
 1.13313
 -0.983817
 -0.243113
 0.817414
 -0.97266
 0.471946
 0.198713
 0.254612
 0.511046
 -0.700018
 0.786551
 -0.778351
 0.27946
 0.321717
 -0.524823
 0.23233
 0.353232
 1.13027
 -0.356054
 0.00653524
 0.70634
 0.00264054
 0.494757
 0.283519
 0.0632894
 0.894513
 -1.13899
 -0.00660447
 -0.78827
 0.261405
 -1.10796
 -0.872523
 0.405477
 0.126417
 0.0879615
 0.0973667
 -0.0178922
 0.55921
 -0.700908
 0.598116
 -0.358459
 0.596073
 -0.942293
 -0.771619
 -0.952225
 0.782884
 -0.17713
 0.996117
 0.732592
 0.943728
 0.663355
 0.790303
 0.07554
 0.76092
 -0.944684
 0.708442
 0.253737
 0.881606
 0.242409
 -0.71705
 0.682636
 -0.699623
 0.365781
 -0.61137
 0.465459
 -1.12493
 -0.346351
 -0.386616
 -0.536917
 0.00980857
 -0.544219
 -0.375832
 1.0253
 -0.75632
 -0.726789
 0.844338
 -0.794597
 -0.422942
 0.395259
 0.0407516
 -0.0494017
 0.133571
 0.267489
 -0.663057
 -0.886608
 0.65777
 -0.674546
 0.26866
 -0.634402
 0.628656
 -1.00897
 0.0350764
 -0.124357
 0.117236
 -0.500933
 -0.804707
 -0.0496747
 0.191081
 -0.898858
 -0.170319
 -0.269424
 0.241035
 0.139281
 -0.285772
 0.272228
 0.0623025
 0.560888
 0.674749
 -0.152689
 0.627256
 -0.965063
 -0.277619
 0.389717
 -0.817904
 0.306872
 -0.46966
 0.812694
 -0.731861
 1.125
 0.511889
 -0.93053
 -0.787966
 0.671593
 -0.314859
 0.275703
 -0.896588
 1.01938
 0.672106
 0.895957
 -0.284198
 0.496892
 -0.729222
 -0.197346
 -0.512789
 0.228327
 0.285859
 0.172599
 0.780216
 0.125534
 0.695512
 0.797343
 0.59565
 0.613005
 0.109302
 0.359488
 0.0285447
 0.340023
 -0.89831
 -0.0346926
 0.501773
 -0.102319
 -0.578956
 -0.0729765
 -0.464955
 -0.717277
 -0.768047
 0.560435
 0.517117
 0.904888
 -0.0965601
 0.245356
 0.0838057
 0.592396
 -0.47743
 -0.24079
 -0.787501
 0.248318
 0.264079
 0.336177
 0.763297
 -0.65181
 -0.597015
 -0.848543
 0.567706
 -0.013228
 0.480143
 0.804576
 0.415526
 -0.406459
 0.681159
 -0.35715
 -0.823179
 -0.5621
 0.874127
 -0.343044
 0.245244
 -0.974765
 -0.800621
 -0.274004
 0.840211
 0.195454
 -0.485142
 0.176682
 0.714814
 -0.203401
 -0.252658
 0.366715
 -0.213162
 0.203096
 -0.678458
 -0.261363
 -0.115923
 0.30582
 -0.6404
 1.02892
 0.228498
 -0.331885
 -0.251346
 -0.224349
 0.369704
 -0.613275
 0.667383
 -0.655337
 0.174516
 0.222166
 0.508861
 -0.728243
 -0.665061
 -0.246811
 0.173183
 -0.781709
 -0.496492
 0.757629
 -0.321569
 -0.0371547
 -0.945168
 0.43929
 -0.19215
 0.65953
 -0.295556
 0.177518
 -0.950635
 0.244391
 -0.768719
 -0.69763
 -0.00753862
 -0.669498
 -0.667564
 0.888362
 -0.917709
 0.816771
 -0.908993
 -0.298622
 -0.384097
 0.757015
 0.427948
 -0.584025
 -0.676582
 0.675211
 -0.514916
 1.05695
 -0.735557
 0.107202
 0.780139
 0.0530937
 0.443817
 -0.980385
 -0.699713
 -0.113708
 0.00478598
 0.543086
 -0.967374
 -0.585059
 0.0984187
 0.521033
 0.172098
 -1.12464
 0.476275
 0.845974
 0.555636
 -0.458887
 -0.999997
 -0.753273
 0.690987
 0.0778771
 -0.463509
 -0.265394
 0.781324
 0.731087
 -0.038063
 0.982384
 0.840436
 0.926313
 0.850115
 -0.140899
 -0.12926
 -0.320073
 0.413288
 -0.200595
 0.0490658
 -0.605437
 0.326347
 -0.292525
 0.558193
 0.347301
 0.515355
 0.946999
 -0.433049
 -0.33402
 0.672248
 0.74067
 -0.861231
 0.721295
 0.858054
 -0.859317
 -0.48814
 0.486863
 -0.345138
 -0.872313
 -0.226652
 -0.276994
 -0.0868312
 -0.197057
 -0.873234
 0.560705
 0.132527
 -0.38988
 0.635074
 0.0681994
 -0.335074
 -0.498706
 0.660689
 -0.159093
 -0.293729
 0.684274
 0.726601
 -0.0664024
 -0.358583
 0.266071
 0.438489
 0.869185
 0.504139
 -0.736999
 0.241963
 0.407051
 -0.406888
 0.574467
 0.78973
 0.191721
 -0.614601
 -0.671725
 -0.918444
 -0.133111
 0.0992741
 0.855806
 -0.111523
 -0.859567
 -0.505378
 -0.829558
 0.0453802
 -0.29601
 0.238161
 0.267936
 -0.379744
 -0.426539
 -1.01356
 0.649362
 0.627663
 -0.25906
 -0.115499
 -0.860319
 -0.833531
 -0.132458
 0.406969
 -0.127447
 -0.0614911
 -0.913625
 -0.478345
 -0.990624
 -0.471848
 -0.698689
 -0.300421
 0.308419
 -0.517839
 -0.821372
 0.771912
 -0.490469
 1.16905
 0.665116
 -0.49963
 -0.487902
 -0.934145
 0.721532
 0.504966
 -0.0766015
 0.332202
 0.37876
 -0.10413
 -0.00806994
 -0.943336
 -0.503611
 -0.483059
 0.346312
 0.185925
 -0.738033
 -0.918388
 -0.570957
 -0.92601
 0.769364
 -0.444859
 0.753301
 -0.174487
 0.170129
 0.278379
 -0.777005
 0.706833
 0.452965
 -0.323151
 -0.140382
 -0.772851
 0.367909
 0.778784
 0.752775
 0.450123
 -0.376667
 0.952237
 0.330993
 0.902129
 -0.365692
 -0.112153
 0.227856
 -0.44817
 0.17016
 -0.693941
 0.361889
 -0.537955
 -0.372985
 -0.793409
 1.03977
 -0.627978
 -0.0422648
 -0.741515
 -0.299887
 0.999998
 0.271843
 0.765115
 0.122232
 0.122445
 -0.0187795
 -0.359933
 -0.368569
 0.218763
 0.325729
 0.783589
 -0.129435
 -0.444792
 0.480109
 0.727528
 0.0991598
 -0.514986
 0.862284
 0.488258
 0.592272
 0.77341
 0.2508
 0.202663
 -0.229849
 -0.498746
 0.868899
 0.481463
 -0.344966
 -0.0466491
 -0.329153
 0.745198
 -0.385538
 0.525343
 -0.356237
 -0.421996
 0.46387
 -0.605091
 0.561619
 0.792179
 0.357686
 0.622749
 0.819006
 0.65723
 -0.880698
 0.0668443
 -0.75253
 -0.642356
 0.74657
 0.77724
 -0.238861
 0.709549
 0.0617865
 0.629235
 0.290392
 0.0479906
 0.0972805
 -0.138218
 0.166498
 0.383115
 0.733033
 -0.666376
 0.680334
 0.768509
 -0.624714
 0.629591
 0.251582
 0.438317
 -0.00726143
 0.311572
 -0.751384
 1.13118
 0.106225
 -0.575596
 0.215309
 0.307544
 -0.0823582
 0.661986
 0.436821
 -0.201164
 0.713901
 0.0646106
 -0.763161
 0.766592
 -0.245062
 0.850728
 -0.230878
 -0.0580988
 0.11763
 0.348827
 0.892505
 0.665036
 -0.800982
 0.482817
 0.0710828
 0.929908
 0.324724
 -0.900043
 -0.643281
 -1.00701
 0.375448
 -0.768691
 1.0502
 0.403943
 -0.740897
 0.717101
 0.871622
 -0.343701
 0.239155
 -0.878087
 -0.445453
 0.416871
 0.0135284
 -0.215449
 0.323824
 -0.673107
 -0.412576
 0.303106
 0.272387
 0.318297
 0.645789
 0.170454
 -0.645371
 -0.34506
 -0.946381
 0.101356
 0.225009
 0.78293
 -0.560697
 -0.0918969
 -0.0202466
 -0.418106
 -0.37785
 0.0718306
 -0.617568
 0.167361
 -0.668814
 -0.552058
 0.548138
 -0.868009
 -0.404876
 -0.0861299
 -0.328466
 -0.347684
 -0.688524
 1.03936
 -0.971264
 0.0644846
 -0.0111888
 -0.54774
 0.679886
 -1.1065
 0.927782
 0.793507
 0.140121
 -0.15886
 0.928516
 -0.354665
 -0.293223
 -0.460801
 1.01702
 0.200487
 0.727713
 -0.182189
 -0.853381
 0.660191
 0.33894
 0.894509
 0.661489
 -0.916152
 -1.03953
 -0.327696
 0.376502
 0.215122
 -0.151523
 -0.499969
 0.772003
 -0.943415
 -0.206572
 -0.152114
 -0.52114
 0.68506
 -1.05435
 -0.489751
 -0.377974
 -0.390384
 0.382821
 0.0436182
 0.845852
 0.204656
 -1.03057
 0.660049
 -1.07323
 -0.27278
 -0.355882
 -0.430676
 -0.202963
 0.191516
 -0.768944
 -0.275673
 -0.424392
 0.531755
 0.674423
 -0.0797151
 0.0360261
 -0.172158
 0.565846
 -0.855023
 1.09305
 -0.515589
 0.954532
 -0.739632
 0.684902
 -0.694095
 0.0146707
 -0.668991
 0.889052
 0.673311
 -0.200398
 -0.378654
 -0.164584
 -0.56742
 0.844449
 -0.738029
 0.336263
 0.885586
 0.386957
 0.667576
 0.68851
 0.623474
 0.775757
 0.310887
 -0.036773
 1.08267
 0.901335
 -0.474468
 -0.66126
 0.134796
 -0.666682
 0.0171931
 0.0558376
 -0.30828
 0.312967
 0.241602
 -0.271615
 0.211133
 0.555601
 -0.672876
 1.01109
 -0.50207
 1.0518
 -0.207582
 0.267625
 0.970986
 0.16268
 -0.658805
 1.0133
 -0.88669
 0.640559
 -1.12663
 1.2226
 0.540123
 -0.762644
 0.80495
 -0.00036581
 0.429587
 -0.939019
 -0.0837161
 -0.384051
 0.369829
 0.116936
 0.996165
 -1.11209
 -0.306625
 -0.220471
 1.14301
 -0.492244
 -0.0299469
 0.16229
 -0.201499
 -0.136476
 0.684443
 0.432777
 0.826051
 0.449828
 0.280708
 0.664174
 -0.721361
 0.178668
 -0.641826
 0.191954
 0.208538
 -0.12255
