 0
 -0.0609119
 0.740541
 -0.456848
 -0.17752
 0.141023
 0.398779
 -0.828729
 -0.116891
 0.639351
 0.64827
 -1.62391
 0.924279
 -0.0108029
 0.694701
 -1.44896
 0.983175
 -1.00556
 1.31021
 -1.12975
 1.14175
 -1.22389
 0.883036
 -0.572682
 -0.258407
 0.242809
 1.05988
 -1.41813
 1.43132
 -1.57879
 0.434426
 -0.299654
 1.12242
 -0.65154
 0.964332
 -1.0114
 -0.81295
 1.13239
 -0.0843117
 0.894747
 -0.747275
 -0.337361
 -0.225215
 0.791887
 -0.45253
 0.503505
 -1.35908
 0.173836
 0.898504
 0.0591465
 0.233918
 -0.621982
 -0.50545
 -0.417671
 0.217899
 1.54894
 -0.901691
 -0.277408
 -0.246549
 0.812205
 -0.874129
 1.49208
 -0.0698086
 -0.989784
 0.917025
 -0.274144
 -0.644794
 0.419211
 -0.677586
 -0.33164
 0.804749
 -0.923121
 1.60556
 -0.624094
 -0.26311
 0.147459
 -0.760243
 1.02017
 -1.14105
 0.55117
 0.733688
 -0.0781153
 -0.235345
 0.0635947
 0.237445
 -0.596423
 -0.71198
 1.46999
 -0.258755
 0.449868
 -1.53956
 0.217597
 0.196057
 1.28594
 -0.777502
 -1.06476
 1.65321
 0.188323
 -1.15382
 0.72556
 -0.544899
 -0.0814857
 -0.439042
 1.4277
 -0.509511
 0.557108
 -0.833307
 0.894397
 -0.823366
 0.347024
 -0.617576
 0.796979
 -0.246441
 0.202868
 -0.0216425
 0.029178
 0.546959
 -1.1301
 0.636781
 0.0338176
 0.58487
 -0.541898
 -0.422359
 0.339493
 -0.859496
 1.48044
 -1.16282
 0.686566
 -1.23105
 1.61493
 -0.794001
 0.558507
 -1.26471
 -0.363867
 0.729999
 -0.210529
 -0.245344
 1.35457
 -0.174906
 -1.56912
 0.0177452
 1.3282
 0.271272
 -0.740475
 0.477487
 -0.33889
 0.0525096
 0.0343035
 -0.401581
 -0.209624
 1.11909
 -0.3951
 0.235871
 -0.568023
 1.1059
 -0.701905
 0.749168
 -0.545671
 -0.898316
 0.00770834
 0.0698427
 0.95779
 -0.805265
 0.920073
 -1.03055
 1.11924
 -1.89991
 1.31861
 -1.18934
 0.165918
 1.59009
 -1.79206
 1.53026
 -0.427212
 -0.86312
 0.340796
 -0.0972364
 1.15651
 -0.508362
 -1.22867
 0.240563
 -0.158897
 1.53879
 0.113009
 -1.67822
 0.334041
 0.835054
 -1.25933
 0.154223
 0.379849
 -0.250566
 -0.235832
 0.228103
 0.354846
 -0.185643
 -0.0153313
 -0.731928
 1.65459
 -0.465415
 -0.791861
 0.800275
 -0.53941
 -0.20273
 0.150694
 0.828255
 -0.0573616
 -0.759906
 0.311566
 -0.146965
 0.994874
 -0.456349
 0.355381
 -0.423844
 0.066884
 -0.341964
 0.506062
 0.586242
 -0.250501
 -0.649602
 -0.621278
 0.416445
 1.19347
 -1.22664
 -0.381688
 -0.367319
 1.12461
 -1.04494
 0.0631758
 0.812148
 0.768512
 -1.25257
 -0.198465
 -0.201001
 0.446098
 0.938407
 -0.795249
 -0.56623
 1.49441
 -0.210485
 -1.15796
 1.1208
 -0.647863
 1.00124
 -1.16621
 1.49999
 -1.61005
 1.37106
 -0.677371
 0.20101
 -0.166356
 -0.774475
 0.678685
 -0.0443775
 0.523168
 -0.0143378
 -0.4481
 -0.521093
 0.305118
 1.22243
 -1.00156
 0.548025
 -0.683833
 0.765677
 -1.49513
 1.03094
 -1.09326
 0.925703
 -0.314376
 0.388738
 -0.0528793
 0.650621
 -0.903569
 0.791147
 -1.53877
 2.07764
 -1.90301
 0.518609
 1.14472
 -1.74565
 1.28405
 -0.115194
 -0.0158305
 0.299662
 -1.12878
 1.39753
 -1.41083
 0.882258
 0.147235
 -0.873287
 0.701735
 0.186088
 0.73591
 -1.36569
 0.31236
 0.776811
 -0.680201
 0.432117
 -0.12352
 -0.228681
 0.821861
 -1.92354
 0.962524
 -0.679882
 0.854004
 -1.31298
 0.0729654
 1.24534
 -0.284102
 -0.0998988
 0.0703778
 -0.0759946
 0.573925
 -1.17574
 1.19997
 -0.816125
 0.831371
 -1.40145
 0.0476764
 -0.160932
 1.58403
 -0.896483
 1.05865
 -0.0809133
 0.237839
 -0.147198
 0.198045
 -0.609105
 0.671013
 -1.58831
 1.48318
 -0.332683
 0.503631
 -0.541797
 -0.954
 1.33774
 -1.29084
 0.867771
 -0.875663
 0.921905
 -1.49326
 0.597545
 -0.00135557
 -0.25505
 0.478941
 -0.534303
 0.0952941
 1.38334
 -1.67013
 -0.0811169
 1.61239
 -1.55358
 0.218423
 0.888542
 -0.338692
 -0.122618
 0.229842
 0.166777
 -0.891425
 -0.263085
 1.49729
 -1.26402
 0.787401
 -0.763276
 1.14756
 -1.49977
 0.889239
 -0.0516998
 0.166677
 -0.575773
 -0.325664
 0.720992
 0.240937
 -1.09382
 0.660017
 -0.030356
 0.438878
 -0.058403
 -0.399979
 0.565093
 -0.13917
 0.477152
 0.190969
 -0.757793
 0.775801
 -1.45244
 0.550356
 0.705107
 -1.2212
 0.99619
 -0.663033
 1.15104
 -1.4035
 1.70788
 -0.41458
 -1.46627
 0.12739
 1.44259
 -0.971324
 0.462767
 -1.04745
 1.78218
 -0.205554
 0.171312
 -1.02745
 0.764904
 -1.10291
 0.396409
 -0.283005
 0.623824
 0.0671994
 -0.133361
 0.619134
 -0.560619
 0.545632
 0.199996
 -0.166052
 0.0638209
 -0.430716
 0.240456
 -0.294376
 0.26031
 -1.20072
 0.727836
 0.548865
 -0.648174
 -0.519261
 0.48351
 -0.392489
 -0.345699
 -0.101892
 1.23497
 -0.0185332
 0.356472
 -0.863563
 0.348023
 -0.07039
 0.475681
 -1.00136
 0.168647
 -0.504097
 0.910531
 0.0342249
 0.0240741
 0.46144
 -1.30964
 -0.00666671
 -0.22089
 1.27972
 -0.546919
 0.406487
 0.417519
 -0.322528
 -0.768934
 1.07491
 -0.930511
 -0.564267
 0.240229
 1.3576
 -1.17776
 0.476193
 -1.08329
 0.0605928
 0.499791
 1.03063
 -0.605117
 -0.677985
 0.691628
 0.586461
 -0.888376
 -0.0726719
 0.659307
 -0.547046
 0.350376
 -0.808507
 0.332204
 0.159843
 0.364506
 -0.913514
 1.57927
 -0.64194
 -0.612003
 0.127084
 0.0415343
 0.536697
 -0.94716
 1.18154
 -1.18407
 0.692402
 0.13868
 0.249299
 -1.16724
 0.00928464
 0.422509
 0.356937
 -0.963359
 0.208946
 1.25249
 -1.02284
 0.202013
 -0.796296
 1.27593
 -0.543947
 0.747431
 -0.821202
 0.424005
 -1.02042
 1.07365
 -0.921148
 -0.0638773
 0.681764
 -0.658683
 -0.0865643
 1.52812
 -1.69199
 1.5704
 -1.48657
 0.452965
 0.00594049
 1.05644
 -0.251943
 -0.98315
 -0.0686955
 1.3439
 -1.12746
 1.43199
 -1.57704
 0.705817
 0.782575
 -0.701973
 0.364109
 -1.2921
 0.180565
 0.5773
 0.0531379
 0.480113
 -1.42565
 0.295183
 0.711946
 0.377381
 -0.338816
 -1.24251
 1.53348
 0.465261
 -0.317195
 -0.93264
 -0.504867
 0.216468
 1.34449
 -0.596785
 -0.592709
 0.232103
 1.04507
 -0.0100024
 -0.735686
 1.04432
 0.00184743
 0.0978396
 0.0264903
 -0.892173
 0.00221972
 -0.170697
 0.639879
 -0.608262
 0.160821
 -0.620424
 0.826797
 -0.576705
 0.737091
 -0.135459
 0.144429
 0.48292
 -1.28029
 0.0438868
 1.02352
 0.0703981
 -1.59146
 1.49162
 0.264444
 -1.73861
 0.291346
 1.00117
 -0.854076
 -0.625384
 0.61131
 -0.0653636
 0.0962416
 -0.115272
 -0.680518
 1.34815
 -0.343416
 -0.575805
 1.03044
 -0.459009
 -0.439277
 -0.133809
 1.12269
 -0.759041
 -0.203281
 1.00376
 0.104223
 -0.769886
 -0.262749
 0.641493
 0.183428
 0.404405
 -0.288769
 -1.17999
 0.931552
 0.223338
 -0.860486
 0.912437
 0.296339
 -0.593463
 -0.77948
 -0.066917
 -0.285876
 0.645191
 0.186918
 0.688515
 -0.880023
 -0.751616
 0.353121
 -0.337864
 0.736601
 -0.328283
 0.458366
 0.0890672
 -0.617888
 -0.0495083
 -0.557294
 1.54622
 0.0498563
 -0.897999
 0.173819
 -0.656097
 -0.0552388
 0.647408
 0.499702
 -0.527606
 0.0624518
 -0.771875
 0.365748
 -0.496694
 0.397323
 -0.231913
 0.315788
 0.605854
 -0.777711
 -0.326691
 1.58638
 -1.1443
 1.52928
 -0.278494
 -1.13241
 0.0540444
 -0.390271
 1.52433
 -0.152719
 -0.608305
 0.455089
 0.134008
 -0.462824
 0.0944898
 -0.883928
 0.341013
 0.00870737
 0.722754
 -0.139376
 -0.917616
 -0.195104
 0.325979
 -0.406792
 1.5557
 -1.10237
 1.07921
 -0.732912
 0.295886
 0.201761
 -1.01217
 1.40276
 -0.128363
 -0.802802
 0.198737
 -0.572369
 1.03125
 0.449398
 -0.0265665
 -0.22551
 -0.731659
 1.30517
 -0.503197
 0.499315
 -1.12749
 0.192955
 0.374542
 -0.700347
 0.521374
 -0.815398
 0.921887
 -0.82863
 0.0446745
 -0.399698
 1.70805
 -1.55068
 0.433755
 -0.570873
 0.337685
 1.27335
 -0.663681
 0.460769
 -0.481846
 0.00848797
 -0.0864113
 -0.343296
 -0.0441045
 0.546965
 0.10036
 0.435259
 -0.824609
 -0.323921
 0.926499
 0.272644
 -0.62729
 -0.591292
 1.35388
 -0.290669
 0.0458125
 0.259289
 -0.448739
 -0.0427031
 -0.39207
 -0.308971
 1.28486
 -0.34095
 -0.869082
 0.294687
 -0.250812
 0.967872
 -1.06549
 0.794544
 -0.763292
 -0.157484
 0.86705
 -1.03387
 1.03019
 0.326497
 -0.432894
 0.292752
 0.285106
 -0.110247
 -1.46738
 0.865515
 -0.751323
 -0.0632697
 1.31472
 0.0483601
 -1.0193
 0.940649
 -0.512463
 0.493281
 -0.252218
 -0.250037
 0.0633137
 -0.227561
 0.257646
 0.212893
 0.336075
 -1.33357
 1.25039
 0.200464
 -1.40847
 1.176
 -0.253795
 0.0998175
 -0.392023
 0.296592
 -1.01305
 1.7431
 -0.888816
 -0.783318
 0.79134
 0.121466
 -0.441395
 0.710096
 -0.149895
 -0.640009
 0.894982
 -0.557576
 -0.877444
 1.46494
 -0.917289
 0.939453
 -0.93935
 0.0891897
 0.218067
 0.201304
 0.52743
 -0.169066
 -1.40571
 1.21595
 -0.312625
 0.731544
 -0.511129
 -1.2189
 0.210963
 -0.379098
 1.1951
 -1.11992
 1.63435
 -0.479182
 -1.17575
 1.43767
 0.273221
 -1.21906
 0.559116
 -0.99653
 0.297653
 0.841043
 -0.417674
 -0.275338
 0.55364
 -0.93687
 0.168029
 0.719693
 -0.038001
 0.0275459
 0.374562
 -0.395333
 -0.78839
 0.278609
 -0.591269
 0.900295
 0.136295
 0.499961
 -1.23943
 0.420137
 0.149116
 -0.433884
 -0.00424941
 0.434782
 -0.680037
 0.697219
 -0.761163
 0.0228195
 1.08743
 -1.35321
 0.339524
 0.382918
 -0.271282
 -0.0545998
 -0.322975
 1.65656
 -1.86065
 0.875078
 0.0798344
 -0.576839
 1.17944
 -1.64561
 1.85887
 0.0590616
 -0.674628
 -0.227023
 1.12807
 -1.17285
 -0.0264296
 -0.107042
 1.3892
 -0.736961
 0.460102
 -0.759364
 -0.689264
 1.45624
 -0.261293
 0.463516
 -0.122632
 -1.50343
 -0.172977
 0.673265
 0.602323
 -0.212804
 -0.37315
 -0.319948
 1.23139
 -1.61773
 0.576336
 0.136706
 -0.433686
 1.13024
 -1.62397
 0.416346
 0.176878
 -0.0899443
 0.715134
 -0.284237
 0.775362
 -0.505439
 -1.20164
 1.64096
 -1.58657
 0.590173
 -0.00403806
 -0.155788
 0.191224
 0.386963
 -0.926825
 0.424362
 -0.0973333
 0.877797
 0.201449
 -0.704249
 0.150655
 -0.125503
 0.706815
 -1.33662
 1.81381
 -1.40607
 1.2967
 -1.47958
 1.267
 -1.20519
 0.553542
 -0.600056
 1.42118
 -0.11759
 -0.879265
 -0.142968
 0.241122
 -0.425598
 1.30257
 -1.47328
 0.923517
 0.664496
 -0.481993
 0.293645
 0.13214
 -0.0162202
 0.200127
 -0.389792
 -0.331167
 1.1027
 -0.107942
 -1.36451
 -0.212403
 0.772046
 -0.840881
 0.515808
 0.0538449
 -0.418621
 0.568057
 -0.034367
 -0.528613
 0.458044
 0.377853
 -1.20048
 1.58148
 -1.33974
 1.37956
 -1.06647
 0.363102
 0.779187
 -0.754393
 -0.834663
 1.63588
 -1.77025
 1.30303
 -1.58968
 2.10485
 -0.501747
 -1.37419
 1.53517
 -0.660704
 0.302979
 -1.26539
 0.736336
 -0.256214
 0.621994
 -0.220414
 0.832785
 -1.96213
 0.669529
 0.168495
 1.23304
 -1.53647
 0.365212
 0.298348
 -0.384547
 0.025349
 0.816004
 -0.202589
 0.381167
 -0.265984
 -0.134423
 0.424395
 -1.30629
 0.78848
 -0.741603
 0.674257
 0.0446711
 -0.373829
 0.0866694
 0.658523
