0.00771813
-0.030839
-0.0749504
0.0588855
-0.0136326
-0.08352
-0.0101047
0.0739982
-0.0781549
-0.0617237
-0.0722892
-0.0127354
-0.00710166
-0.0805109
-0.0799127
0.0446516
-0.0105258
0.00678426
0.0775506
-0.0368938
-0.0849055
0.0264016
-0.0891293
-0.0583483
0.0786737
0.0337504
0.00748619
0.0571825
0.0320292
-0.0742058
-0.0808405
0.0263222
0.00938444
-0.0523728
-0.0326518
0.0145177
0.0250343
0.0244423
-0.02772
0.0736747
0.0854732
-0.0498825
0.0121799
0.0895322
0.0722465
-0.0362896
0.0187963
0.020072
-0.0482711
-0.0549059
-0.0845027
-0.0938047
0.0681387
-0.0390301
-0.0957579
0.035905
-0.0240638
-0.00746788
0.00758385
-0.0567797
-0.031962
-0.0239967
0.0719718
0.0232093
-0.0441328
-0.0126438
-0.0612476
0.0441572
0.0576891
-0.0976196
-0.0111423
-0.0616565
-0.0486557
-0.0365886
-0.0323405
-0.0474288
-0.0522629
-0.016068
0.0961364
-0.0603381
0.0412458
0.0223365
-0.0254311
0.0722526
0.0933103
0.0560839
0.0851558
-0.0398724
0.00555132
0.087463
-0.000387585
0.0522874
0.0385052
0.0122959
0.098175
-0.0949889
-0.0676321
0.0827326
-0.0938963
-0.00273751
-0.0140599
0.0954833
0.0541307
0.0745231
-0.0500168
-0.0633839
-0.0311808
-0.0975646
0.0913144
0.0143834
0.0994324
0.011478
0.0838496
0.011008
-0.0127659
-0.0861507
0.0828608
0.0850154
-0.0162755
-0.0260598
0.0386578
-0.0448897
-0.0761345
0.0135166
0.00597247
-0.00297555
-0.0393048
0.0329142
-0.0946532
-0.0156102
0.0675161
-0.0704398
0.0926634
0.00513627
0.0138401
-0.00505692
-0.0068453
-0.0155736
-0.0784539
0.0713919
-0.0438765
-0.0544603
0.00723594
-0.0501816
-0.0133763
0.0398724
0.0172155
0.0898373
-0.0897275
0.0773125
-0.03867
0.0432234
0.0276467
-0.0116855
0.0518723
0.0623157
0.014243
-0.051207
0.0537461
0.0743461
-0.0775018
-0.000790429
-0.0476913
-0.0970031
0.0419538
0.0890255
-0.0549974
-0.081402
0.0738762
-0.0222144
0.0630238
-0.00204779
-0.0233802
-0.075866
0.0293741
-0.0247414
-0.0621082
-0.00606403
0.0594775
0.0652882
0.0302835
-0.0812311
0.0106113
0.0400739
0.00616779
-0.0638722
-0.0135899
0.0403424
-0.0116306
-0.0575426
0.00274361
0.00298166
-0.0872127
-0.00966521
0.0210974
-0.0141942
0.0791864
0.0610645
-0.0441389
-0.0292581
0.0664174
-0.0561083
-0.0383587
0.0269082
-0.031547
-0.046849
0.00690634
0.0145848
0.00725425
-0.0855403
0.0402509
-0.0884457
0.0788873
-0.0485763
-0.0445723
-0.0571276
0.089111
-0.0961119
0.0615223
-0.00451369
0.0346477
-0.0908811
0.0643849
0.0987732
0.0864254
-0.0228614
0.0657216
0.0524339
0.0309549
0.0914121
-0.0140782
-0.0171361
-0.0737114
0.0661977
-0.0829402
-0.0907224
-0.0714408
0.0918088
0.0121494
-0.0991333
-0.0544847
-0.00104068
0.0169958
-0.0937864
0.0733024
-0.026426
0.0509201
0.0362468
0.0726127
-0.0468429
-0.0575182
-0.0181005
0.0406293
0.036137
-0.0733879
-0.0521287
-0.0651601
-0.0647328
0.00927458
-0.0164098
-0.0948668
0.00649129
0.00593585
0.0927061
0.0902768
0.0843928
-0.0398053
0.00234077
0.0351115
0.0555834
-0.0513413
-0.0265908
-0.0152257
0.00118717
-0.0215613
-0.0668813
0.0120212
0.0397504
-0.0165502
-0.0889523
0.0340739
-0.098236
0.0258278
0.0599902
0.075103
-0.0328898
-0.0913877
0.0427351
0.0307657
-0.00339671
-0.0939024
0.0662526
0.0908444
0.0889645
0.0178991
-0.0557482
0.0763787
0.0944273
0.0532029
0.0696219
0.0475265
0.0162084
-0.048735
0.0777642
0.0383526
0.0311563
0.044554
0.082342
0.0747917
0.0607532
0.0706656
0.0644154
-0.0678701
-0.07622
0.0393414
0.0963988
-0.0118748
0.0018891
-0.0391644
-0.0179662
0.0281411
0.0492721
-0.0582018
-0.00637532
-0.0415815
0.077752
0.0550768
0.0877743
0.0838679
-0.0515
0.0894894
0.0808893
-0.0935179
0.00166936
-0.0139805
-0.0342631
-0.099176
-0.0448714
0.0665578
0.0502304
0.0225929
0.00361644
0.0614246
0.099707
0.0066805
-0.0504807
0.0420637
-0.0359722
0.0110019
0.096588
0.0649586
0.0707022
0.0621815
-0.0623341
0.0332194
0.0651723
0.0594958
-0.0319864
-0.0180456
-0.0202673
-0.00674154
0.0550584
0.0937071
0.0121738
-0.0660939
0.0961852
0.0502426
0.0953978
0.0480392
-0.00439161
0.0269143
-0.0606372
-0.00234687
0.0916318
-0.0641346
-0.0734672
-0.0211402
0.065569
0.0242653
-0.0579638
-0.0437361
0.0635426
0.0339213
-0.0800836
-0.0506699
0.0624256
0.0284524
-0.0133946
-0.0730827
0.0111728
0.0942991
-0.0170995
-0.0336711
-0.0212073
0.021775
0.0457503
0.0329691
0.0402387
-0.0275063
0.0310343
0.0370586
-0.0686453
0.0393597
0.0585864
-0.0765313
0.00434278
-0.0946471
-0.0392254
0.0510727
-0.0852657
-0.092523
-0.0841853
0.0177282
-0.0286294
-0.0880917
0.0471236
-0.0126988
-0.0195776
-0.0931578
0.0698904
0.0748161
-0.0851192
-0.0809015
-0.0337504
0.0460921
0.0406659
-0.0391583
-0.0298563
0.0880978
0.0305582
0.0125889
0.0432173
-0.0937864
0.0973937
-0.0511521
-0.0770196
-0.0952269
0.0775445
0.012534
-0.0754509
-0.093054
0.0961058
-0.0554979
-0.0229774
-0.0295633
-0.0550768
-0.0256203
0.075988
-0.0449507
0.00480056
-0.0210059
0.0332377
-0.00146794
0.0430769
0.0146214
-0.0949583
-0.0431928
-0.0821467
-0.0706778
-0.0198645
-0.0350444
-0.0798883
0.0616016
-0.0912595
-0.0249001
-0.0150426
-0.0683889
0.0538987
0.0275613
-0.0967345
-0.0687307
0.0462325
-0.0886105
-0.0350139
-0.0806452
0.0235511
-0.0293191
-0.0347026
-0.0719962
-0.0635609
-0.0872311
0.00494095
0.0867428
0.00111393
-0.0253151
0.0159093
-0.0296487
0.0807672
-0.095996
0.0438276
0.0768792
0.0767449
-0.089526
0.0181494
0.0418317
-0.0893246
0.0445357
0.0415815
0.095117
-0.0210913
-0.0409467
-0.0701895
-0.033311
0.0604297
-0.089465
0.032963
-0.0526658
-0.0404462
-0.0439802
0.0698599
-0.0892697
0.0646779
0.00193182
0.00647908
0.00318308
-0.0957762
0.0611377
-0.0902036
0.00705893
0.0811579
-0.0255531
0.00826746
0.084405
0.0672414
-0.0471664
0.0901364
-0.0931516
0.0383221
-0.00340281
0.0710074
0.0780877
0.0318644
-0.0522568
0.0617176
0.0551805
0.00801721
0.0317789
-0.0321512
0.0749626
0.0954405
0.0452498
-0.0478011
0.0917539
0.00312204
0.0452376
-0.00870083
0.0326701
0.0795404
0.0970031
0.0574206
-0.0232704
0.000216681
-0.0638539
-0.0428816
-0.0359294
-0.0348369
-0.0985595
-0.042204
0.0414777
-0.0127659
-0.00537431
0.033256
0.0504868
-0.0471603
0.023368
0.0597705
-0.0356487
0.0361126
0.083758
-0.00627155
0.0800165
-0.0521653
-0.0615833
-0.0378216
0.0715018
0.000454726
-0.0533677
0.0975402
0.0107944
0.0702689
-0.0973693
0.047673
-0.037376
0.0381939
0.0383831
-0.00740684
0.0592822
-0.00972625
-0.0530076
0.0991211
0.0617664
-0.0407758
0.0831965
0.0445845
-0.0864559
0.0881893
-0.00308542
-0.0589831
0.0930906
-0.00191351
-0.0436323
0.0909116
0.0715445
0.039671
-0.0831782
-0.0941038
0.0816706
0.0116123
0.0913327
0.0195837
-0.0956053
0.0258766
0.0796564
-0.0742729
0.0792474
-0.0984313
0.011655
-0.0268715
0.0446944
-0.0313883
0.0613941
0.0483261
0.0150426
0.0623463
-0.0118686
-0.0225013
0.0997314
-0.00951262
0.0606189
-0.0212561
0.0715262
0.053563
0.0207556
-0.0040315
0.089819
-0.0999268
0.0430158
0.0457137
-0.0148106
0.0977783
-0.0542222
0.00805994
0.0115879
-0.0979308
0.0109104
-0.00699179
0.072338
0.00310373
0.0677541
-0.086578
-0.0737846
-0.0675588
-0.00217597
-0.00410474
-0.0201392
-0.0891049
-0.0834773
0.0607654
-0.02725
0.0185766
-0.0120396
-0.0975097
-0.0389691
0.0684011
-0.0706961
0.0017365
-0.0936216
0.0644642
-0.0392132
-0.0997803
0.0762627
0.0263649
0.0576952
0.069866
-0.0383038
0.0608264
0.0605274
0.00718101
-0.0810907
0.0617786
0.0996765
-0.0155736
0.0410077
-0.0797113
0.0907102
-0.0114414
0.0660451
0.0254555
-0.0433088
0.0793878
0.0275979
-0.0624561
-0.0663137
0.0980651
0.0542344
0.0147191
0.0156713
-0.042729
0.0240089
0.0744743
0.0952025
0.0442854
0.0803217
0.0710807
0.0560228
-0.0318827
-0.0846736
0.0703421
-0.0261391
-0.0178503
0.0272134
-0.0971618
0.0817011
-0.0866695
0.0574816
-0.0230628
0.0557176
-0.0707083
0.0146519
0.0328043
0.0782342
-0.0253761
0.0904782
-0.0812738
0.0337809
0.00748009
0.0750114
-0.0290994
0.0947386
0.0679128
0.0767388
0.0780145
0.0525437
-0.0910031
-0.0459456
0.0118381
0.050969
0.0222205
-0.0356731
-0.0949156
0.0775201
-0.0119053
0.0367473
0.0577929
0.0693411
-0.0164098
-0.0247169
-0.0465926
-0.0102206
-0.0226722
-0.00199896
0.0660207
-0.0680471
0.0439924
-0.0811335
-0.0602893
0.00547807
-0.0709525
-0.0215125
-0.0784539
0.0626453
0.0952147
0.0298441
0.0292276
0.0203711
-0.0182714
0.0854122
-0.0651723
0.0339946
-0.0922117
-0.0682119
-0.0542222
0.0793695
-0.0485824
0.0182653
-0.0356365
-0.000631733
0.0348979
-0.0746696
-0.0930296
-0.0289346
-0.051854
0.0196509
-0.0356059
0.0499557
-0.0587573
0.00148625
-0.0156529
-0.0527451
0.0173009
-0.0489547
-0.0424543
0.0967956
-0.0429914
-0.020127
0.088525
-0.0325297
0.00606403
0.0935667
0.0324808
0.0778008
0.0567309
-0.0279458
-0.0206275
0.0685232
0.0548021
0.0737663
-0.0334452
0.0897946
0.0632008
-0.0302164
-0.0988464
0.0590075
-0.0865352
-0.085577
0.0734916
0.045555
0.076397
-0.0416974
0.0427107
-0.0611377
0.0830378
0.0103061
0.0760002
0.0558214
-0.072631
-0.0454024
0.0225501
0.043907
-0.0181372
0.0289651
0.00347606
-0.0636647
0.0571642
-0.0292764
-0.000912503
-0.0846736
-0.062859
-0.0634938
-0.0853877
0.0398907
0.0206946
-0.0979553
0.00574664
0.0942625
0.00127873
-0.0516221
0.0451155
0.0133335
0.0157018
-0.0594653
-0.0888668
0.0412824
-0.00671102
0.00515458
-0.0197119
0.0796197
0.0366192
-0.0869442
0.0042024
-0.0190283
-0.0347636
-0.0267006
0.0527451
0.0448164
0.0534715
-0.0553514
0.00437941
0.0714164
0.0936277
-0.0290139
-0.0349651
0.0301798
0.0158361
0.0467818
0.0967589
0.0987671
-0.0042024
0.018833
0.0373272
-0.0708731
0.0816828
0.0306681
-0.00777917
0.0967528
0.0713492
0.0157079
0.0800287
-0.0106662
0.0713187
-0.0544664
0.0126316
0.0912107
0.0685293
0.0395123
0.0914731
-0.0803095
-0.0537034
0.0419111
0.000961333
-0.030369
0.0756584
-0.0270425
-0.0194433
-0.0775811
-0.0866939
0.0598865
0.0564623
0.0756951
-0.0624866
0.0543504
-0.085577
0.0500168
-0.0469222
0.0424055
0.0947996
-0.0712516
0.096765
-0.0466536
0.0910825
0.0873531
-0.0256996
0.0735649
0.0332499
0.0684256
0.0603504
-0.0282144
-0.06292
-0.0413251
-0.00747398
-0.0581347
0.000808741
0.0241005
0.0909055
-0.0305765
-0.0698233
0.0596362
-0.0659352
-0.0714774
-0.0266091
0.00945769
-0.0768548
0.0147374
0.0469771
-0.0856746
0.064922
-0.0792779
0.033964
-0.0579821
-0.0946837
-0.0392987
0.0355754
-0.042674
0.0446394
0.0499252
0.0576891
-0.0123325
-0.0344523
-0.054442
-0.0867367
0.0407086
0.00528886
0.0551134
0.0221229
0.0301737
0.00328074
0.0186377
0.0891415
0.0660878
0.0553148
-0.0288919
-0.057683
0.065746
-0.0943175
0.0910764
-0.088226
-0.0583666
0.00845058
-0.058153
0.0310404
-0.0774529
-0.0109409
0.0116428
0.0418806
0.0641408
-0.0623524
-0.0413556
0.0838679
-0.0947752
0.0652272
-0.0324686
0.0499557
-0.0739982
-0.0460311
-0.0765191
0.0893674
-0.0355388
-0.0670461
0.0100925
0.0389386
