 0
 1.10514
 0.114977
 0.111125
 0.132952
 0.267046
 0.21813
 0.360792
 0.114932
 0.258142
 0.283641
 -1.72888
 -0.295654
 -0.0612364
 -0.162463
 -0.289408
 -0.0724863
 -0.399495
 -0.132703
 -0.141801
 -0.247699
 1.84188
 -0.035716
 0.338735
 -0.0541129
 0.310661
 0.24358
 0.345386
 0.0691035
 0.380033
 0.184334
 -1.71169
 -0.217216
 -0.108326
 -0.102788
 -0.332916
 -0.205784
 -0.141858
 -0.234289
 -0.15622
 -0.3507
 1.79878
 0.167403
 0.173827
 0.150661
 0.28044
 0.127062
 0.376978
 0.226321
 0.177999
 0.276188
 -1.82828
 -0.141543
 -0.237101
 0.0400006
 -0.25778
 -0.283682
 -0.216761
 -0.294791
 -0.105002
 -0.207808
 1.69196
 0.167471
 0.10625
 0.114194
 0.264906
 0.256256
 0.272798
 0.267457
 0.217544
 0.244529
 -1.85643
 -0.183434
 -0.0662353
 -0.179917
 -0.245915
 -0.16379
 -0.279909
 -0.157058
 -0.235587
 -0.204425
 1.82487
 0.0582747
 0.156636
 0.209158
 0.202215
 0.21645
 0.282037
 0.245623
 0.114745
 0.347636
 -1.88414
 -0.192493
 -0.0309916
 -0.117815
 -0.322451
 -0.176741
 -0.23311
 -0.173384
 -0.216728
 -0.185714
