 -0.0951964
 -0.0783074
 0.0308817
 0.0666066
 0.0409833
 0.0590442
 -0.0762383
 0.0454634
 0.0151341
 -0.0451582
 -0.069573
 0.0967895
 -0.0133518
 0.0454878
 0.0980651
 -0.0900143
 0.0944395
 -0.0071749
 -0.0947569
 -0.0431684
 -0.0993774
 0.0781671
 -0.0949461
 0.0872066
 0.0283731
 0.0137913
 -0.0846004
 0.0829829
 -0.0749504
 -0.0216346
 -0.0620838
 0.0264687
 -0.0178686
 -0.0176428
 0.0866024
 0.0394818
 -0.0571093
 -0.0301614
 -0.0925657
 0.0493515
 0.029313
 -0.0371441
 -0.0296365
 -0.061803
 -0.0806452
 0.0545885
 -0.085345
 -0.0683767
 0.00586261
 -0.0423627
 0.0291726
 -0.0168981
 0.0683401
 -0.0863765
 -0.0514756
 0.0103305
 -0.011063
 0.0703482
 -0.053386
 -0.0601978
 0.0437666
 -0.0672109
 0.00857875
 0.0157933
 0.00085757
 -0.00579546
 -0.0374248
 -0.0699149
 -0.0439497
 -0.0464888
 0.0525742
 0.0286477
 -0.0620167
 0.0252907
 0.0333537
 -0.0485397
 0.0134861
 -0.0514145
 -0.0308695
 -0.0381146
 -0.0753716
 0.000808741
 0.0168371
 -0.0783441
 -0.011362
 0.0229591
 -0.024546
 -0.0321207
 0.0919675
 -0.0375958
 0.0826594
 0.0481857
 -0.0902463
 -0.0604785
 0.039903
 -0.0295999
 -0.0180639
 -0.0556017
 -0.0526597
 -0.0771477
