 -0.105142
 0.885023
 0.888875
 0.867048
 0.732954
 0.78187
 0.639208
 0.885068
 0.741858
 0.716359
 0.728876
 -0.704346
 -0.938764
 -0.837537
 -0.710592
 -0.927514
 -0.600505
 -0.867297
 -0.858199
 -0.752301
 -0.841879
 1.03572
 0.661265
 1.05411
 0.689339
 0.75642
 0.654614
 0.930896
 0.619967
 0.815666
 0.711687
 -0.782784
 -0.891674
 -0.897212
 -0.667084
 -0.794216
 -0.858142
 -0.765711
 -0.84378
 -0.6493
 -0.798785
 0.832597
 0.826173
 0.849339
 0.71956
 0.872938
 0.623022
 0.773679
 0.822001
 0.723812
 0.828285
 -0.858457
 -0.762899
 -1.04
 -0.74222
 -0.716318
 -0.783239
 -0.705209
 -0.894998
 -0.792192
 -0.69196
 0.832529
 0.89375
 0.885806
 0.735094
 0.743744
 0.727202
 0.732543
 0.782456
 0.755471
 0.856428
 -0.816566
 -0.933765
 -0.820083
 -0.754085
 -0.83621
 -0.720091
 -0.842942
 -0.764413
 -0.795575
 -0.824868
 0.941725
 0.843364
 0.790842
 0.797785
 0.78355
 0.717963
 0.754377
 0.885255
 0.652364
 0.884139
 -0.807507
 -0.969008
 -0.882185
 -0.677549
 -0.823259
 -0.76689
 -0.826616
 -0.783272
 -0.814286
