0.912107
-0.195959
0.695242
-0.99292
-0.944456
-0.863582
-0.321207
0.305277
0.840327
-0.532273
-0.538987
-0.865658
0.314127
-0.302164
-0.78985
-0.615101
0.61919
0.960326
0.847041
0.330973
-0.175268
0.372478
0.043733
0.882565
0.420698
-0.194617
0.164892
-0.986694
-0.7163
-0.764641
0.461959
0.427107
-0.0715659
-0.75927
0.834162
-0.475326
-0.143651
0.204749
0.468429
0.73455
0.814814
0.788751
0.670827
-0.731742
0.778619
-0.763115
-0.798395
-0.634266
-0.532884
0.0761437
0.426984
-0.910215
0.208472
-0.228004
0.599231
-0.265297
-0.0356151
-0.094882
0.579272
0.91052
0.327555
-0.570971
-0.688101
-0.634388
-0.696158
0.572985
0.36845
0.609851
0.692801
-0.048677
0.867672
-0.598743
0.87756
-0.557237
-0.911802
0.158361
-0.162084
0.401715
0.0855434
-0.639332
0.198706
-0.236427
-0.375713
-0.999634
-0.874935
-0.392071
-0.259804
-0.853145
0.878719
0.740654
0.243446
0.687185
0.846309
-0.142003
-0.524522
0.304727
0.853267
0.855953
0.63274
0.759148
0.57506
-0.154576
0.968749
0.528733
0.858943
0.438337
0.188269
-0.120701
-0.232093
0.864559
-0.655202
-0.579089
-0.839839
-0.516037
0.554735
0.215674
0.616199
0.255715
0.840205
-0.501511
0.525559
0.726432
0.4138
-0.92584
-0.852901
0.100925
0.716849
0.451949
-0.546007
-0.0427564
0.52385
-0.21836
0.575976
-0.831172
-0.573473
0.652516
-0.347819
-0.403851
-0.991394
-0.181738
0.907041
0.110263
-0.975158
-0.089816
-0.239723
-0.488754
0.896481
0.200842
0.785699
-0.0967132
-0.16483
-0.51854
-0.670949
-0.910459
-0.0908536
0.115085
-0.400311
-0.451155
-0.63744
-0.672658
-0.953856
0.557115
0.501389
0.798944
-0.169286
-0.984252
-0.541673
0.620777
-0.787225
-0.450545
0.149388
0.6751
-0.343974
-0.563768
-0.266396
-0.495224
0.470199
0.931883
-0.109775
-0.266274
-0.199866
0.551256
-0.77636
0.100192
0.776238
-0.130467
-0.889157
-0.834223
0.636097
-0.594592
0.30192
0.763421
0.632191
0.148228
0.587268
0.245094
-0.462874
0.292947
0.843928
-0.405866
0.558824
-0.255837
-0.226905
0.461837
0.478439
-0.0475784
0.64153
-0.806513
0.823542
-0.355266
0.339274
0.904843
-0.111423
0.012421
0.066805
0.671499
-0.583728
-0.0815149
-0.037141
0.894772
0.750908
0.686758
0.986511
0.905087
0.276894
-0.964293
0.365947
-0.133274
0.955443
-0.280435
-0.0744957
-0.954283
-0.229163
0.43852
-0.395184
0.503281
-0.0999481
0.581103
-0.518662
0.277566
-0.583544
0.361309
0.609363
-0.883175
-0.657582
-0.0874966
-0.0119327
0.824885
0.861141
0.900998
-0.0286569
-0.717032
0.501389
0.221473
-0.569506
0.209998
-0.892209
0.337321
0.984375
0.722953
-0.591662
-0.172521
-0.392071
0.761284
-0.00802637
0.70336
0.93231
-0.563402
0.509262
0.0571612
0.548631
0.37083
-0.0921964
0.605457
0.62859
-0.914914
0.515793
-0.310709
-0.826472
0.502121
-0.215064
-0.706107
0.205298
-0.376141
0.507004
0.650685
0.210547
-0.551927
-0.685171
-0.0168157
-0.847957
-0.814753
0.281167
0.960875
-0.64153
0.838923
-0.572314
0.421918
0.605518
-0.788507
0.956908
0.927915
0.701285
-0.600574
-0.981323
0.713675
-0.112217
0.837519
-0.174963
0.593432
0.371685
-0.0423292
-0.0754112
0.387005
-0.704093
0.523423
-0.549974
0.427961
0.465865
-0.298074
0.150487
0.715934
-0.859004
0.937864
-0.978393
-0.723563
-0.793085
-0.310892
-0.653859
0.290017
-0.962951
-0.909726
-0.0435499
-0.44676
-0.640431
-0.397748
0.532823
-0.165197
-0.559923
-0.285684
-0.25071
-0.312235
0.893551
-0.241554
0.0794397
0.282266
-0.562792
-0.0999481
0.075045
-0.180517
-0.102023
0.366558
-0.0704062
0.0908536
0.785699
0.977172
-0.859981
0.743461
-0.254372
0.0352489
0.0778527
-0.184057
0.202124
-0.352458
0.28367
0.105625
0.506638
-0.469466
-0.703665
-0.0696738
-0.0986663
0.36845
0.830012
-0.152135
0.612659
0.783807
0.111301
-0.105869
0.385418
0.984741
-0.810907
0.903867
0.771233
-0.850581
0.0296945
0.475509
-0.516953
-0.387677
0.209082
-0.856319
0.129246
0.9129
-0.98413
-0.679434
-0.361797
0.770562
0.777093
0.56975
0.687674
0.0480667
-0.782037
-0.225806
-0.550401
0.76513
-0.328837
-0.238258
-0.0348827
0.225684
0.944456
0.949828
-0.540574
0.320963
-0.338054
-0.4279
-0.0879238
0.0706503
0.890744
-0.949889
0.192541
0.465011
-0.13596
0.0713218
0.0751061
-0.329936
0.615894
-0.0628376
0.44554
-0.341044
0.337443
0.743095
-0.989319
0.331034
-0.731071
0.952818
-0.17423
0.182226
0.939329
-0.0701621
-0.0506302
-0.411603
0.565722
-0.0112003
-0.459395
-0.235389
0.425703
-0.47203
0.709891
-0.5374
0.0150456
-0.192602
-0.56389
0.469222
-0.197363
0.933164
-0.136937
-0.0324412
0.395795
-0.38847
-0.713492
0.825068
-0.0718711
0.23545
-0.853938
-0.131687
-0.517136
-0.134983
0.332987
-0.78985
-0.636586
0.665151
0.12656
0.688955
0.0243843
0.363079
-0.927305
0.484237
0.474899
0.287515
-0.883847
-0.0295114
-0.0323191
-0.447554
-0.701712
-0.128513
-0.21482
0.948363
0.335307
-0.221534
0.936216
-0.898129
0.386395
0.0934172
0.575121
0.469283
-0.673208
0.461104
0.956053
-0.277627
-0.16306
-0.248329
-0.264931
0.093173
0.620106
-0.343364
-0.567675
0.237281
0.0622272
0.960753
0.866756
-0.820734
-0.3549
0.551683
0.376019
-0.0969573
-0.573901
0.231056
-0.365642
-0.851375
0.896725
-0.61156
-0.119724
-0.0208441
-0.467269
0.601428
-0.633351
0.679373
0.348247
0.223182
-0.152928
0.548692
0.765923
-0.977966
0.9082
0.151891
0.116123
0.93347
-0.0361644
0.588427
0.0779138
0.987609
0.720817
-0.655507
-0.626576
0.476241
-0.0699789
-0.710746
-0.971129
0.419355
-0.764519
0.378399
-0.485519
-0.604358
-0.0665609
0.626637
0.0755943
0.798639
-0.54619
-0.0869472
-0.431745
-0.419172
-0.622852
-0.819514
-0.889462
-0.450728
-0.20072
0.591784
-0.136937
-0.726371
-0.144261
-0.793939
0.251137
-0.329264
-0.780755
-0.263344
-0.0597247
-0.673391
0.382122
0.953856
0.87878
0.620533
0.536363
-0.705863
0.718436
0.710685
0.863948
0.239967
0.927671
0.44731
0.0497757
-0.969726
0.907346
-0.727226
-0.170019
-0.73339
0.424177
-0.826472
-0.612659
0.97589
-0.327921
-0.255715
0.407392
0.692312
-0.724296
-0.571398
-0.393231
-0.877987
-0.452742
0.998047
0.547288
0.951964
-0.689993
0.331156
-0.452925
0.365398
-0.399152
0.556688
-0.497909
0.827631
0.56389
0.62212
0.430525
0.70336
0.848323
0.350444
0.551866
-0.731437
-0.177587
-0.952269
0.713981
0.679617
-0.083346
-0.275369
-0.0195013
0.461592
-0.591968
-0.00778222
-0.809626
0.0790735
0.958617
-0.302225
0.302957
0.151219
0.219825
0.360271
0.340495
-0.126377
-0.183447
0.469344
-0.258766
-0.789666
-0.978027
-0.289651
-0.0655843
-0.582812
0.436628
0.177404
-0.048677
0.46025
-0.0164495
-0.362712
0.883114
0.890988
-0.467208
0.906674
-0.000518815
0.74102
0.467025
0.405011
-0.660268
0.999023
-0.49913
-0.0539872
0.589038
0.231849
-0.932493
0.829585
-0.948119
-0.0867641
-0.417219
0.296793
0.53679
-0.978637
-0.0979339
-0.588366
-0.0376293
-0.530931
-0.71984
0.430036
-0.500412
0.928037
-0.851741
0.71984
-0.938841
0.610523
0.0190741
-0.705374
0.951109
0.570177
-0.166173
-0.977111
-0.512986
0.0853603
-0.936644
0.575243
-0.592029
-0.313456
0.875118
-0.827021
-0.121067
0.390912
-0.320658
0.199683
-0.093234
0.706656
0.366619
0.738334
-0.0223701
0.968993
-0.450606
-0.902951
-0.26957
-0.429121
-0.880184
-0.614185
0.477279
0.651112
-0.563524
-0.794366
0.384686
-0.19895
0.452437
-0.485641
-0.873165
-0.645741
0.0976287
0.730461
-0.175268
-0.17954
0.227088
0.137242
-0.918027
-0.97412
-0.5515
0.651112
0.931883
-0.475692
-0.859188
0.0149236
-0.493759
-0.160863
-0.0227363
0.479843
0.239967
0.100253
-0.736015
0.0380566
0.422895
-0.361614
0.408612
-0.731071
0.912046
-0.901791
0.829157
0.860469
-0.183691
0.634449
-0.382183
-0.130833
-0.0332957
0.751274
-0.729606
-0.218665
0.983764
-0.650075
0.795099
0.43675
-0.244911
-0.454695
0.512314
0.878719
0.136509
-0.185522
-0.140965
-0.808039
-0.313089
-0.95996
0.508896
0.391949
0.252052
0.0102237
0.121433
0.426557
0.207495
-0.0611896
-0.967162
-0.645558
-0.824946
-0.433149
-0.799371
-0.238624
-0.976073
-0.59093
-0.28544
-0.523179
-0.0306101
0.707266
0.186316
0.654836
-0.418012
-0.347148
0.331095
0.279458
-0.480697
0.442427
-0.947325
0.159886
-0.207495
-0.273354
-0.654714
-0.524827
-0.618824
0.0171819
0.323527
-0.0672933
-0.992126
0.612293
0.694876
0.602466
0.88525
-0.394757
0.985351
0.489669
-0.751213
-0.463301
0.831538
-0.0920743
0.486801
0.254555
0.652028
0.715812
0.680715
-0.457259
0.00979644
0.479293
-0.632008
-0.917295
-0.0212714
0.622303
-0.659658
0.309061
-0.17362
-0.371807
-0.710623
-0.27781
-0.674123
-0.64568
-0.887509
0.220679
-0.990967
-0.477157
0.691458
0.015595
-0.32664
0.449019
-0.0437941
-0.31077
-0.544298
-0.928953
-0.953856
0.96118
-0.215552
0.342998
0.381695
-0.276711
0.523545
-0.94702
-0.541551
0.907834
-0.380108
0.130467
0.176733
-0.25132
-0.432051
0.503769
-0.481918
-0.999268
0.00210578
0.570971
-0.616871
0.67864
0.731803
0.34666
0.400861
-0.123386
0.529099
0.346965
-0.476363
-0.765618
-0.0158391
0.27543
0.220252
-0.391278
-0.261513
-0.428022
-0.921934
-0.484664
0.409894
0.887753
-0.37083
0.902585
-0.478256
0.548204
-0.789789
-0.180639
-0.251869
-0.932737
-0.328654
-0.45909
-0.211768
-0.225684
-0.255837
0.713126
0.181799
0.617237
-0.116977
0.0793786
-0.62096
-0.796503
-0.608936
0.352336
0.376324
0.142552
0.644337
0.791559
-0.768731
0.750908
0.225501
-0.947874
-0.231056
0.183203
-0.219092
-0.135716
-0.207862
0.0517289
0.412152
-0.892392
-0.89227
-0.403485
-0.584338
0.843135
0.68273
-0.531053
-0.817621
-0.136326
-0.759453
-0.809442
-0.929868
-0.672475
0.612415
0.351176
0.0608844
0.0356761
0.15421
0.606555
-0.983947
0.916379
-0.45732
0.540391
0.341899
-0.72045
0.263405
0.451582
-0.122959
0.402875
-0.898618
-0.870235
0.816095
-0.987671
-0.0500198
-0.318155
0.480026
0.220313
-0.753349
0.471664
-0.252907
0.482467
-0.648122
0.235206
-0.0431837
0.137181
-0.819147
-0.56505
-0.901975
0.0896329
0.402203
0.913999
0.0958586
0.202368
0.515061
-0.0863979
-0.992187
-0.0442213
-0.881832
0.517685
-0.0564898
0.940733
0.682608
0.583728
0.518296
-0.254982
0.140538
0.226112
0.655873
0.79809
0.603565
-0.088168
0.550157
-0.266091
-0.477889
-0.767998
0.600208
0.836909
0.598621
0.412458
-0.870052
-0.868099
-0.232704
-0.376141
0.706351
0.681326
0.553087
0.156224
0.866512
-0.348308
-0.879025
0.518601
0.0686972
-0.287393
0.331034
-0.472762
0.67748
0.329508
-0.892392
-0.555406
-0.202673
-0.485702
0.439497
-0.76867
-0.234169
-0.404889
0.320109
0.974548
-0.880184
-0.432173
0.942259
-0.446394
-0.153356
0.5927
0.45909
0.607898
-0.26719
0.197485
0.624012
0.86639
-0.376629
-0.249367
0.621998
-0.0959197
0.403424
0.765984
0.404645
-0.61333
-0.485275
0.602222
-0.157994
0.86523
-0.179235
-0.88049
-0.99707
0.184729
0.63097
0.855647
-0.122837
-0.431379
-0.302042
0.283609
0.850948
-0.559008
0.000457778
0.714591
0.249367
-0.94995
0.123081
0.407575
0.257729
-0.045381
0.0465407
0.448286
-0.466414
-0.563646
-0.838984
-0.0393994
-0.176183
-0.0992157
0.313883
-0.787957
0.896908
-0.671865
0.705374
0.176794
-0.895077
0.83874
-0.555223
-0.882504
-0.112827
0.432783
0.57915
0.750298
-0.473678
0.969665
-0.593616
0.552843
0.472762
-0.552965
0.887326
0.780816
-0.453536
-0.355815
-0.0334178
0.753044
-0.668935
-0.80987
0.617603
0.968993
0.0715049
-0.879269
-0.579028
-0.379437
0.387982
0.986389
0.492477
-0.938536
0.119114
-0.427229
-0.430769
0.795343
-0.393536
0.297952
0.0705283
0.546495
0.732658
-0.653066
0.941954
-0.0249336
0.0260933
-0.392132
-0.901791
0.598987
-0.855037
0.470748
0.276589
0.485702
-0.948057
0.55266
-0.888791
-0.724174
-0.80694
-0.589587
0.24485
0.101596
-0.00650044
-0.694876
-0.713919
-0.0383618
-0.0185858
-0.921201
-0.571398
-0.883908
-0.146092
-0.792413
0.541795
-0.936644
0.796503
0.0930509
0.546922
-0.338542
-0.631031
0.654103
-0.108737
0.956297
0.270669
-0.717643
0.932066
0.279458
-0.703726
0.223487
-0.956969
0.178686
-0.203528
-0.553941
-0.743461
-0.2584
0.954222
-0.937681
-0.747185
0.877804
-0.809626
0.361248
0.50969
0.119358
-0.989196
0.517747
0.42497
-0.495468
0.607044
-0.959593
-0.776238
-0.89526
0.523362
-0.980224
0.463973
0.759453
0.703238
-0.760247
0.951048
-0.419782
0.226783
0.214942
0.876339
0.787225
-0.947935
0.216468
-0.0101016
0.439436
0.0732749
0.348308
0.621632
-0.377239
0.807123
0.73693
-0.638234
0.657216
-0.978942
0.896786
0.214759
0.886166
-0.384075
0.334147
-0.962462
0.610034
-0.926389
0.451643
0.0767541
0.727714
0.784967
-0.183996
0.414167
0.64629
-0.431562
-0.148289
-0.863155
0.023957
0.692923
-0.977172
-0.958983
0.906674
-0.283486
0.565783
-0.315958
-0.17777
0.455061
-0.16483
-0.403241
0.394208
-0.608936
0.325602
0.468245
0.0366527
-0.162572
0.431623
-0.884335
-0.704947
0.166845
0.00863674
0.0522782
-0.607166
-0.579394
0.796808
0.464522
0.548448
0.608936
-0.22898
0.41319
0.623646
-0.985839
-0.521043
0.0686361
0.667043
-0.187963
0.430219
0.794
0.914182
0.320292
-0.40202
-0.111118
-0.192663
-0.81048
0.0977508
-0.194922
-0.402692
-0.151952
0.103
-0.351909
-0.910092
0.512375
0.0624104
-0.224219
-0.900937
0.0776086
0.280313
-0.692434
-0.830073
0.198279
-0.0774255
-0.64391
-0.866329
0.873959
-0.488815
-0.206153
0.0571001
-0.149327
-0.0306711
0.368084
0.148961
-0.848689
0.279763
-0.0250557
0.186193
-0.952086
0.819208
0.907407
0.0217597
0.787042
0.430708
-0.112888
0.737419
0.382305
0.296976
0.69512
0.00320444
0.785577
0.677053
0.211524
-0.79339
0.749138
-0.431501
0.679006
-0.0860317
-0.307413
-0.641835
0.000457778
0.225745
0.885556
0.523545
0.885189
0.589648
0.259255
0.447371
0.654347
-0.367229
-0.840022
0.408368
0.519822
-0.424055
0.356059
0.809809
0.147862
-0.207434
-0.388897
-0.290994
0.320475
0.0743126
0.136814
0.710318
-0.49321
0.166784
0.236549
-0.716422
-0.84228
-0.863216
-0.547044
-0.428755
-0.465377
-0.865658
-0.467574
0.745598
0.886959
-0.888363
-0.482406
0.980224
-0.211158
-0.938292
-0.717826
0.0962249
-0.550523
0.338664
0.819208
0.947813
-0.192358
0.623218
-0.40434
0.607532
0.224586
-0.905759
-0.713858
-0.584338
0.586596
0.371258
0.198157
0.955077
-0.369304
0.787164
0.700613
-0.9859
0.305033
-0.443098
-0.030488
0.60094
0.977294
0.403119
-0.637684
-0.92993
0.302774
0.199988
0.733268
0.426191
0.566027
0.200964
-0.996826
0.864681
-0.693594
0.409345
-0.70452
0.614124
0.0426954
0.657338
-0.0490432
0.14127
-0.0936003
0.953307
-0.265969
-0.217444
0.99884
0.662282
0.543321
0.863216
-0.717154
-0.920164
-0.0624104
-0.63274
-0.177343
0.964415
0.792047
0.221534
0.182958
-0.412763
0.394635
-0.74572
0.801508
0.86639
0.29722
0.893063
0.146764
-0.856258
-0.767449
0.662832
-0.527329
0.17008
0.410871
0.547777
0.984313
-0.14127
-0.49321
0.278359
0.225379
0.372051
0.651479
0.607105
0.501877
0.102145
0.73986
-0.364971
0.152196
-0.891537
-0.632252
0.251381
0.478683
0.575426
0.710135
-0.251076
-0.849422
-0.1489
0.652821
-0.322184
0.893429
-0.368328
-0.508652
-0.999695
0.274697
0.851924
-0.491745
0.608325
0.4008
-0.15421
-0.2584
0.267067
0.336344
-0.661184
-0.741935
0.0471511
-0.941893
-0.164953
-0.758049
-0.692984
0.757378
0.960997
-0.787042
-0.71099
-0.698233
-0.670888
-0.313944
0.391095
0.670522
0.483749
0.584277
0.176611
-0.826044
-0.509323
-0.281106
-0.814386
0.271462
-0.265481
0.647877
0.60857
-0.200964
0.485397
0.225929
0.886044
0.420087
0.797601
-0.841487
-0.702872
-0.889645
0.302652
-0.127781
-0.40141
0.492111
0.459761
-0.986206
-0.223609
-0.173437
0.825434
0.891354
0.974181
0.480819
-0.0945769
-0.831843
-0.340617
-0.321757
-0.849055
-0.875484
0.0904263
-0.651723
-0.337931
-0.202979
-0.853389
-0.11539
0.160802
0.309977
0.584826
-0.3726
-0.204443
-0.289285
0.78338
-0.120151
0.341288
0.621326
-0.962462
0.272988
-0.644704
0.0187689
0.467818
0.289895
0.853877
-0.542772
0.604236
-0.236488
-0.930296
0.043733
-0.291299
0.158849
-0.14481
0.480392
-0.101413
-0.547105
-0.708609
-0.514512
-0.866878
0.42552
0.0677206
0.906247
-0.874325
-0.828303
-0.807306
0.835078
-0.755486
-0.349773
-0.400067
-0.957579
-0.535813
-0.921079
-0.7893
0.038789
0.43028
-0.00894192
0.0164495
0.0776696
-0.300394
-0.236549
0.74279
-0.587451
0.21952
-0.569445
-0.341411
0.120762
0.106906
0.59563
-0.908261
0.805536
-0.208716
0.252358
0.214576
0.489914
-0.416608
0.32902
-0.338664
-0.985595
-0.268105
-0.232337
0.539964
0.251381
0.0314035
-0.0484329
-0.598621
-0.552477
-0.956969
-0.708182
-0.272256
-0.991089
-0.00863674
-0.212378
-0.496872
0.0388501
-0.600574
-0.629139
-0.571215
-0.0572222
-0.475631
0.849178
-0.655263
-0.588061
0.656728
-0.741813
-0.577868
-0.901547
0.345073
0.437483
-0.3137
-0.705741
-0.390667
0.640919
0.435408
0.926328
-0.795526
-0.00521867
-0.884701
-0.819025
-0.00186163
-0.383404
0.21482
0.0699179
0.522935
-0.794366
-0.257973
-0.750786
-0.231605
0.919797
0.846004
-0.594165
0.272561
0.348735
0.144749
-0.47795
-0.422468
0.398602
-0.676382
0.332194
-0.889523
0.89819
-0.435041
-0.717521
0.553026
-0.25895
-0.627491
-0.692068
0.761345
0.375164
-0.647023
0.737724
-0.700186
-0.547899
0.517258
0.641957
-0.349773
-0.550218
-0.337016
0.93292
0.158971
0.0796838
0.402814
-0.468123
-0.214393
-0.707877
-0.601611
-0.0843837
0.714469
-0.308451
0.364971
-0.646474
0.891842
-0.825678
-0.592761
-0.85052
0.551683
-0.398114
0.250404
-0.80047
-0.207801
0.321696
0.927488
0.178686
-0.734855
0.347758
0.487045
-0.331095
-0.958251
0.0144963
-0.717826
-0.45848
-0.283853
-0.0845058
-0.595508
0.905515
0.810053
-0.0603961
0.825068
-0.065096
0.540513
0.21775
-0.195654
0.887692
0.0137638
0.791925
-0.864559
-0.371746
-0.0932951
-0.180395
0.780389
-0.0331126
0.699942
-0.874203
0.464156
0.127476
0.523423
0.915281
0.788751
-0.342936
-0.321574
0.457015
0.428144
0.0892056
-0.102573
0.554735
-0.0312815
-0.326456
-0.59508
0.613941
-0.043672
-0.515305
-0.158544
0.120212
-0.287332
-0.777886
0.113559
-0.660756
0.484542
0.014069
-0.768181
-0.947203
-0.513657
0.538072
-0.800104
0.141636
0.401105
-0.229896
0.0165716
0.829035
0.899472
0.675344
-0.146275
0.396954
0.742119
0.152623
0.472945
-0.812799
-0.974364
-0.454451
0.941893
-0.299661
0.136509
-0.967711
-0.284646
0.60448
0.973205
0.207068
0.140843
0.46733
-0.998352
0.164892
-0.546739
-0.977294
-0.295145
-0.596118
0.319926
0.785577
0.988769
0.855159
0.998962
0.8258
-0.891354
0.355083
-0.826411
-0.483566
-0.322489
-0.129002
-0.47496
0.0655232
0.317972
-0.206519
0.105014
-0.353435
0.522324
-0.392499
-0.427107
-0.0613727
-0.718375
-0.744987
0.357952
-0.11063
0.0469069
0.501205
-0.190161
0.513169
-0.415265
0.617542
0.40025
0.536668
0.290078
-0.306436
-0.962645
0.705008
0.518479
-0.109958
0.556566
-0.439924
0.500656
-0.0541093
-0.551134
0.504563
0.4008
-0.748222
0.890866
0.962889
0.0830409
0.802667
-0.86285
-0.5468
-0.853633
-0.658864
0.339457
-0.618641
0.792596
0.005768
-0.147191
-0.629933
0.0874355
-0.205237
-0.906186
0.936399
0.180578
-0.840999
0.0114444
-0.671743
-0.956603
0.0367138
0.233497
0.335002
0.290017
-0.35844
0.951964
0.88171
0.641835
0.317484
0.608509
0.222083
-0.39964
0.772393
0.443953
-0.458663
-0.111728
-0.997009
0.972655
0.781671
0.223426
0.224158
-0.554064
0.502426
0.986938
0.113742
-0.634022
-0.411237
0.348308
0.687429
0.112888
0.620106
-0.589465
-0.886166
-0.252174
-0.289163
-0.0632649
0.7846
-0.94586
0.636891
-0.778741
0.950011
-0.120457
0.0592975
-0.331462
0.234046
-0.158788
-0.341411
-0.359478
0.340739
0.457198
-0.00888089
-0.863094
-0.735832
0.765496
-0.11887
0.869564
0.315287
-0.505539
0.160314
0.29368
0.277383
-0.153783
-0.432783
-0.840632
-0.997192
-0.0443434
-0.38023
0.144444
-0.235817
-0.911802
0.272622
-0.868221
0.671377
0.638112
-0.82757
0.694388
0.467513
-0.0102847
0.322977
-0.65099
-0.983154
0.305338
0.973144
0.142918
-0.203772
0.300272
0.540147
-0.86578
0.702567
-0.930357
0.380108
-0.670339
0.489853
0.0282296
0.21897
0.642079
-0.852596
-0.974731
0.0563677
-0.570727
-0.468001
0.699026
-0.646168
0.178625
0.565966
0.13065
0.321635
0.897031
-0.68511
-0.137425
-0.885006
0.772027
0.25663
-0.658315
-0.246437
-0.336222
-0.946715
0.851497
0.575488
-0.00753807
-0.85876
0.994446
0.0394604
0.581896
0.448469
-0.211646
-0.312845
-0.976989
0.554125
0.437788
-0.922239
0.119907
-0.397809
-0.155919
0.507981
0.979308
-0.71923
0.91644
0.329752
0.308206
-0.818842
0.745476
0.677908
0.48027
0.847468
-0.296426
0.420881
-0.0656453
0.830805
-0.467086
-0.854183
0.468184
-0.940367
-0.515976
0.992553
0.98822
-0.160863
0.568468
0.146153
0.279397
-0.20835
0.986511
0.803644
0.35728
0.0514237
0.793512
-0.57506
0.96411
-0.974609
0.866878
0.0819422
0.772271
-0.966491
0.236488
0.717154
-0.142918
-0.86053
0.840754
-0.874203
-0.998047
-0.513474
-0.229102
0.472518
0.397809
-0.551561
0.0663778
-0.844234
-0.700919
0.910581
0.12302
0.832698
-0.799371
0.991455
0.77752
-0.583972
0.0951262
-0.481246
0.129734
0.857295
0.375713
-0.428327
-0.833918
0.525987
-0.0541704
0.401715
0.246254
0.000762963
-0.901669
-0.954588
-0.484787
0.0818812
0.726615
-0.0589923
-0.695914
-0.160863
0.430158
0.860897
-0.418317
0.508225
0.0776696
0.473678
0.518845
0.0460524
-0.611072
-0.152745
-0.770867
-0.840388
-0.90051
-0.794
0.747795
0.619739
0.269204
0.254189
0.31077
0.67217
-0.701834
-0.621937
0.997986
0.359416
-0.787713
0.040315
-0.198218
-0.435163
0.78045
-0.322916
0.183935
-0.408124
0.0267647
-0.58739
0.182897
-0.908689
-0.300699
-0.098056
0.13535
-0.851863
-0.741264
-0.384503
-0.927549
0.341594
0.949156
0.877377
-0.14481
-0.410077
0.512375
-0.0302438
0.109836
-0.406781
0.111118
0.61742
-0.972777
0.686148
0.0197455
-0.838374
-0.91229
-0.0868252
0.648549
0.740226
0.774041
-0.86053
-0.538499
0.781976
-0.664724
-0.990844
0.352031
-0.868465
-0.335551
0.563341
0.0372021
-0.885006
0.350932
-0.668508
-0.965087
0.85931
0.972106
-0.292276
-0.214637
-0.822016
-0.314982
0.424421
-0.521287
-0.663076
-0.817743
0.93646
0.153966
-0.990356
0.0726646
-0.472335
-0.371929
-0.261757
-0.249306
0.953185
-0.179174
0.209571
-0.183264
0.428205
0.0362865
0.661
0.110569
-0.221717
-0.236244
0.727226
0.420454
0.56151
0.560778
0.0410474
-0.0691855
-0.0243843
-0.419233
-0.0991546
-0.52971
0.363506
0.307962
-0.683523
0.623707
0.128391
-0.939207
-0.25309
0.768853
0.871822
0.829096
-0.158361
0.102756
0.566454
-0.996338
0.498703
-0.282449
-0.422651
0.565172
-0.448775
0.790582
-0.657582
-0.709525
0.395795
-0.0505081
0.526231
0.542528
-0.125706
0.876461
0.45848
0.203894
-0.277261
-0.787713
0.670705
-0.68218
0.898373
0.82458
0.342631
0.998657
-0.901608
0.500961
0.471358
-0.826228
0.783319
-0.868648
0.575732
-0.278542
0.0151067
0.440535
0.748283
-0.435957
-0.574145
-0.66625
0.867611
0.281961
-0.372845
0.919004
-0.217261
-0.191076
0.373211
0.266579
0.283792
0.772332
-0.209326
-0.0298776
0.668813
-0.959777
0.987304
-0.429365
0.722221
-0.961974
0.351909
-0.0937834
0.914792
-0.602893
0.858699
0.450484
0.639576
-0.501877
0.686941
0.701041
0.2949
0.471053
0.470931
-0.31785
-0.972106
-0.784783
-0.509751
0.622425
0.950804
-0.998962
0.114475
0.871151
-0.358562
-0.783746
0.814142
0.115329
-0.256935
-0.180639
-0.949461
0.960021
-0.52739
-0.937498
0.357402
0.934385
0.852962
0.0464797
0.925596
-0.0138249
-0.520798
0.670034
0.00497452
0.526902
0.633717
0.536546
-0.565111
0.0901212
-0.439558
-0.620167
0.616321
-0.334269
0.712394
0.572558
0.237159
-0.227332
-0.216041
0.27842
-0.934996
-0.668081
-0.658803
-0.188025
-0.882015
-0.596728
-0.137974
-0.232215
-0.472518
0.84753
0.999207
-0.518357
0.404523
-0.0226753
0.878353
0.386151
-0.97766
-0.741569
0.243751
0.823542
-0.371075
-0.875484
-0.735649
0.877865
-0.800775
-0.0325632
-0.18778
0.789544
0.443037
0.366314
-0.973815
-0.486129
0.377911
0.616626
0.97351
0.987243
-0.218116
-0.376385
0.220923
0.662221
-0.162694
0.220496
0.129429
-0.124973
-0.721732
0.975219
-0.316874
0.607898
0.354961
-0.45146
-0.333537
0.207495
0.92645
-0.335185
0.00155644
0.623829
0.995361
0.758477
-0.942564
-0.269448
0.996155
0.359355
0.74572
-0.709647
0.149693
0.27842
0.212683
-0.873104
0.197058
0.656789
-0.0575884
0.0664388
0.824519
0.940428
-0.918027
-0.788507
0.0924406
-0.156468
-0.197729
0.109226
0.180822
-0.637501
-0.494064
-0.623524
-0.236549
0.902829
0.69628
0.344768
-0.676504
0.582202
-0.682363
-0.713248
0.723258
-0.228004
-0.617664
0.788141
-0.660146
-0.0610675
0.694082
-0.174657
0.0806604
-0.149266
-0.51793
-0.886105
-0.410993
0.207007
0.757866
-0.7116
-0.0452589
-0.241432
0.207007
0.476547
0.240822
-0.0218818
0.428694
0.830988
-0.861385
0.342936
-0.664663
0.580248
-0.934935
-0.705313
-0.475082
-0.838191
-0.986572
0.936705
0.438581
-0.000274667
0.470443
0.532273
0.115329
0.48912
-0.287454
0.866268
0.357952
-0.24955
0.793573
0.532456
0.120273
-0.284402
0.535752
0.209204
0.930967
0.108737
-0.161901
-0.0142521
-0.836421
0.883908
0.612903
-0.197913
0.968139
0.682302
0.66393
0.0643635
0.674062
0.871822
-0.181616
0.49852
0.479354
-0.269631
-0.374126
0.304971
0.236793
0.337565
-0.0649129
-0.323588
-0.849483
0.734306
0.663198
-0.258461
0.195227
-0.0845058
0.0682699
0.996582
-0.929685
0.217322
-0.161596
-0.711783
0.502243
-0.339213
0.309854
-0.59032
-0.293619
0.815546
0.126255
-0.627857
-0.178076
-0.254738
-0.347697
-0.585131
-0.867977
-0.402203
0.453108
0.816095
0.881222
0.402448
0.152989
0.566942
-0.496994
-0.363811
0.985595
0.971435
0.0710776
-0.877132
-0.652272
0.234474
0.783929
0.826167
0.669973
-0.899106
-0.701346
-0.900388
0.915464
-0.392376
0.724479
-0.0430616
-0.978942
-0.988464
0.0884121
0.923399
-0.408185
0.955931
-0.913327
0.032136
0.161596
0.937254
-0.0662557
-0.472152
0.333476
0.135899
0.120945
0.839534
-0.88934
0.671804
0.898679
0.385174
-0.267922
0.349223
-0.707266
0.771661
0.323466
-0.0484329
0.469283
0.950926
-0.321696
-0.849788
0.259194
-0.103854
0.47972
0.0884732
0.655507
-0.640248
-0.72393
0.704031
0.0956755
0.276101
-0.476608
0.852535
-0.657826
0.370708
-0.993591
-0.706107
0.772332
-0.459944
-0.0487381
0.604907
-0.108615
0.562181
-0.858333
0.0795007
0.880612
-0.297281
0.352153
-0.319376
0.993225
0.777642
0.409467
-0.895505
-0.390118
-0.764885
-0.804071
-0.978637
0.767815
-0.179479
0.906796
0.554369
0.973998
0.384747
0.872921
0.058504
-0.883175
-0.599902
-0.735893
-0.735832
0.287759
-0.253883
-0.0177313
-0.154576
0.325114
0.326334
0.0594806
0.47673
0.893735
0.0809046
-0.128269
-0.559191
-0.088168
-0.0447707
-0.517624
0.849788
-0.86169
-0.61156
-0.573778
-0.458663
-0.267495
0.884335
-0.752007
0.714347
-0.400983
-0.774163
0.10715
-0.635731
-0.669546
0.897946
0.761284
-0.417646
0.56035
0.278481
-0.758599
0.780572
-0.461776
0.16245
-0.469161
0.904538
-0.259377
-0.820002
-0.439558
-0.302469
0.329203
-0.328288
-0.166906
0.0779138
0.268899
0.583178
0.989319
0.691702
0.919309
0.942198
-0.373516
-0.295999
0.910764
0.479598
0.685598
0.891415
0.118259
0.958312
-0.284768
0.0965911
0.545579
0.77044
-0.671255
-0.88995
0.931639
0.367962
-0.836299
-0.960814
0.892758
-0.91345
-0.340983
0.228614
-0.588183
0.92761
0.960265
0.793329
-0.511704
-0.141148
-0.733512
0.828364
-0.239845
0.197729
-0.0686361
0.355937
0.911557
0.638661
-0.369915
0.0739463
-0.322001
-0.51207
0.90582
0.967528
0.261513
-0.332194
-0.593188
-0.153905
-0.0313425
-0.947386
-0.871517
0.869625
0.883602
0.699393
-0.0292673
0.124363
0.388775
0.535875
0.924802
-0.687063
0.345988
-0.932493
-0.798273
-0.380108
-0.250221
0.667104
0.614307
-0.184912
0.666494
-0.991882
-0.474715
-0.341472
0.269936
0.206214
-0.324808
0.668203
0.788812
0.22898
0.200842
-0.686636
0.175207
0.13889
0.158116
0.696951
-0.690664
-0.270058
-0.138829
-0.212439
0.551439
-0.878048
0.350261
0.266152
-0.546373
0.873836
-0.698599
0.0472121
0.445418
0.17893
0.689505
-0.460982
0.302835
-0.294229
0.518113
-0.295755
0.216834
0.644704
-0.071749
-0.015595
0.270486
0.524583
-0.00167852
-0.850887
-0.860347
-0.638478
-0.45201
-0.865108
0.828852
0.702261
0.258644
0.933653
-0.746208
-0.876034
0.422712
0.594897
0.485702
0.754631
-0.365764
0.403851
-0.533494
0.37431
-0.266518
-0.702322
-0.989319
-0.338237
0.317972
-0.417341
-0.0960417
0.147801
0.132237
0.0141911
-0.0879238
-0.561998
0.649403
0.303079
0.512986
0.268044
-0.84405
-0.890133
-0.836848
0.952635
-0.34611
0.590381
-0.0874355
0.792352
0.890744
-0.446577
0.178869
0.999634
-0.16831
0.295633
0.495285
0.706839
-0.114414
-0.82635
-0.957579
0.618702
0.196875
-0.022187
-0.220985
-0.127903
-0.683035
0.168249
-0.0182806
0.66509
-0.433393
-0.962706
0.00839259
0.218177
-0.597461
-0.139317
-0.903989
0.629933
0.10007
-0.901914
0.00650044
0.189978
0.0652181
0.708731
0.332621
0.710868
-0.912534
0.641041
-0.723685
0.442671
-0.152684
-0.438032
-0.287027
-0.86816
0.989319
0.88641
0.352275
0.786981
-0.925352
0.169652
-0.1901
0.714103
-0.27488
0.926695
-0.598132
0.38432
-0.729484
0.938414
0.473678
0.695791
-0.787042
0.109714
-0.922727
-0.807611
0.819819
-0.0597858
-0.191443
-0.197241
0.158116
-0.328898
-0.383221
0.66039
0.882992
-0.82989
-0.600208
0.568834
-0.907834
-0.382672
0.196509
-0.325968
-0.439863
0.0541704
-0.210242
0.905759
-0.337504
0.858333
0.531785
-0.248634
0.30546
0.206946
0.204688
0.923948
0.170812
0.590442
0.728874
-0.512314
0.590503
-0.560289
0.531175
-0.997497
-0.637745
0.929319
-0.613697
0.251076
0.819086
-0.981872
-0.457137
-0.890194
0.465072
0.792352
-0.0530107
-0.872433
-0.509262
0.169836
-0.623157
-0.626514
-0.521104
-0.968078
-0.701041
-0.883358
0.615101
-0.157445
0.260353
-0.0990936
-0.285806
0.818232
0.627674
0.576281
-0.624134
-0.288247
-0.512803
-0.150365
0.581469
-0.728568
0.517075
-0.081576
0.0448927
0.43852
0.644581
-0.25248
0.629933
0.345439
0.301431
-0.445601
0.146153
-0.822687
-0.910825
-0.93701
0.836848
0.959838
-0.333171
-0.90997
0.869991
0.333964
-0.325724
-0.974364
0.146519
0.383282
0.502792
-0.228919
-0.2631
-0.426923
0.726005
0.696219
-0.740593
0.866146
-0.99646
0.178503
-0.48796
-0.923765
0.269814
0.287088
0.671133
-0.476852
0.0201117
-0.82635
-0.631275
0.0498367
0.50737
-0.267312
0.961425
-0.533494
-0.338725
0.0939055
0.302957
0.482467
0.542772
0.509507
-0.666616
0.188513
0.145726
0.197729
0.797235
0.153172
-0.640675
0.706717
0.40257
-0.80578
0.903073
-0.640126
0.734672
0.889035
-0.953856
-0.653798
-0.764336
0.884701
-0.0742515
0.0171209
-0.436811
0.0729698
0.274453
-0.0467238
0.640309
0.689444
-0.629322
0.36314
0.709464
-0.598193
0.0244453
-0.623585
0.703116
0.449263
-0.589587
0.794122
0.242775
0.893857
-0.438398
-0.14182
0.579699
-0.950743
0.335063
-0.396222
-0.210547
0.14658
0.663503
0.355083
0.533189
0.301614
0.903684
-0.0709555
-0.303079
0.844905
0.0960417
-0.891964
0.223487
0.0780969
0.945921
-0.0549028
0.447371
0.518357
0.340495
-0.537156
-0.753716
0.693289
0.213477
0.310709
0.322062
-0.450423
0.569567
0.940306
-0.0778527
0.537156
-0.518235
0.863704
-0.684439
-0.568346
-0.125828
-0.443709
0.335429
0.957945
-0.0984222
0.566149
-0.700369
0.276162
0.740165
-0.607105
-0.376324
0.394818
0.60033
0.699576
0.437117
-0.429243
0.774651
-0.582263
-0.483749
-0.23899
0.533799
-0.689444
-0.153783
0.187231
0.682485
-0.445112
0.123814
-0.923643
0.587878
0.905881
0.514695
-0.360759
0.493271
0.00515763
-0.0229804
-0.649831
-0.0702841
-0.602405
0.463607
0.590014
0.0373852
-0.183935
0.315897
-0.285745
0.60979
0.29899
0.161596
0.61034
-0.327006
0.702445
-0.371319
-0.1948
0.412946
0.169164
0.188757
-0.813837
-0.737785
0.116794
0.441023
-0.602161
-0.0396435
-0.691275
-0.849116
-0.0232246
-0.601917
-0.430769
0.3549
-0.712394
0.0608844
-0.294778
-0.156346
0.322062
0.880856
0.19834
-0.662221
-0.576403
-0.687307
0.228187
-0.333781
0.000824
0.44438
-0.40904
-0.738212
0.291238
-0.0451369
-0.925596
-0.714347
-0.76165
0.733207
-0.147191
-0.307413
-0.454939
-0.0310984
-0.536424
-0.44908
-0.0356761
0.528794
0.92877
-0.0715659
-0.10831
-0.56975
0.5833
0.657094
0.320475
-0.774041
-0.82696
-0.710623
0.222633
-0.890072
-0.215491
-0.441084
0.418561
-0.440168
-0.830378
-0.343669
-0.00308237
-0.673879
0.0268868
-0.364544
-0.651845
0.58208
0.802667
0.259926
0.873959
-0.954344
0.573962
0.603992
-0.5656
0.88757
-0.423627
0.719779
-0.403424
-0.764336
0.938536
0.683645
-0.254128
0.0909146
0.185949
0.333415
0.123569
0.464949
0.0779138
-0.989929
0.85229
0.553209
-0.662526
-0.384442
-0.987487
0.755791
0.839595
0.299295
0.832514
-0.641774
-0.181738
0.0868862
0.0530107
-0.314676
-0.344096
-0.238441
0.53209
0.539476
-0.182714
0.313272
0.148778
0.737358
-0.509995
0.265603
0.0713828
-0.44377
-0.504563
0.194861
0.451033
-0.09653
0.0306711
-0.247353
0.603259
0.020539
0.805902
-0.494919
0.741081
0.535203
-0.862117
0.900632
-0.679373
0.673513
0.564257
0.679739
-0.936888
0.444929
-0.461837
-0.962096
-0.285257
0.611988
0.769158
-0.144078
0.60741
-0.741997
0.769707
0.307779
-0.917295
0.765069
0.172216
0.161351
-0.15775
0.014069
0.377728
0.0820643
-0.714835
-0.379376
-0.901303
-0.746818
-0.102329
-0.981567
0.359966
-0.374493
0.754631
-0.797845
-0.482345
-0.892697
-0.802118
-0.0558794
0.861812
-0.990234
-0.247414
-0.705069
0.362102
0.0572222
-0.656056
0.182958
-0.878353
0.277444
0.877987
-0.0771813
0.0996429
-0.917051
0.246925
-0.552599
-0.33372
0.856136
0.824519
0.0746788
0.552538
0.350688
0.5103
0.622059
-0.243873
-0.777581
-0.611255
0.681143
-0.0319529
0.00112918
-0.936888
0.865047
0.0803552
0.816218
-0.272011
-0.159093
-0.661122
-0.810907
0.0426954
0.95996
0.70275
0.204382
-0.132237
0.297708
-0.0265206
-0.627674
0.927366
0.917051
0.256386
-0.504746
-0.540208
-0.833735
0.316141
-0.149388
-0.0807825
-0.175024
0.389447
-0.997559
-0.209998
-0.0904263
0.0174261
-0.445173
0.57738
-0.0477004
-0.539964
0.158849
-0.963988
0.564806
-0.745354
-0.913938
-0.299966
-0.900815
-0.517869
0.68096
0.775262
0.220191
-0.697928
-0.995483
0.458113
-0.801263
0.320353
-0.0174871
-0.257546
-0.258278
0.350993
0.368877
0.777337
-0.831294
-0.864681
0.839167
0.837764
0.749443
0.580432
-0.475082
0.971496
0.0130924
-0.920591
-0.69805
-0.615772
0.843989
0.477157
-0.854915
0.625172
0.173498
-0.758415
0.861812
0.636158
-0.916623
0.406171
-0.482833
0.726493
-0.869076
-0.157079
0.863216
0.53618
-0.290384
-0.568957
0.0835902
-0.950194
-0.742668
0.681936
-0.831477
-0.276223
0.124912
-0.616016
-0.769829
0.789056
-0.0830409
0.829646
-0.927854
0.792596
-0.881649
0.186438
0.325663
0.439619
-0.181921
-0.424604
0.464278
0.798517
-0.657094
0.419172
0.0103458
0.932188
-0.385479
0.621632
-0.754875
-0.982727
0.0412305
-0.857295
0.735466
0.0147404
0.757378
-0.470443
0.989135
-0.0473952
0.0229194
0.967772
-0.448103
-0.114109
0.596118
0.414289
0.858577
-0.406354
0.890622
0.375225
-0.850337
0.0774865
-0.269326
-0.109836
-0.231788
0.923032
0.51677
-0.713309
-0.853328
-0.412702
-0.387127
0.266274
0.798944
0.674551
0.770257
-0.115085
-0.372234
0.262246
0.397687
-0.00869778
-0.138035
-0.658925
-0.507309
0.683767
0.93408
-0.569445
-0.954955
-0.650563
0.612903
0.432417
0.725394
-0.151341
-0.298257
-0.214698
-0.32841
-0.594775
-0.384198
0.982849
-0.81457
-0.232765
-0.848811
0.51677
0.15183
0.199133
-0.242653
-0.690786
0.992798
0.869076
-0.37376
-0.304788
0.969848
0.192663
-0.0894498
0.0186468
0.646168
0.696463
-0.617115
-0.0959807
0.321085
0.963805
0.8493
0.266396
0.250282
0.224525
-0.371319
-0.877743
-0.536485
-0.847652
-0.588061
-0.736442
0.992187
-0.568529
-0.188452
0.857601
0.319742
-0.344829
0.915891
-0.964965
0.86755
0.119114
-0.840938
-0.470992
-0.67217
0.0715659
-0.178991
0.427168
0.657521
-0.0169378
0.46733
-0.900327
-0.456343
0.398419
0.644398
0.365642
0.155248
-0.0671102
0.140049
0.959899
0.991821
-0.0243233
-0.876217
0.363445
0.642445
0.66277
0.477889
-0.940489
-0.732475
-0.318278
-0.367718
0.278298
-0.384259
0.47148
0.217017
0.291421
0.388287
-0.621509
0.841792
-0.679067
-0.236366
0.332987
-0.681387
0.123508
-0.104953
0.606922
-0.362651
0.312662
0.192724
0.216468
0.00784326
-0.517808
0.204138
0.532029
-0.718741
-0.807062
-0.0957366
0.656911
0.0626545
0.884884
0.208655
-0.861324
-0.172826
-0.222205
-0.478866
-0.424909
0.353252
-0.17716
-0.869991
-0.323466
0.78399
-0.232948
-0.736137
0.348369
0.630726
-0.606006
0.6198
0.355388
0.0298776
0.00241096
-0.822443
-0.869564
-0.433576
0.185888
-0.889279
-0.709464
0.976623
0.975402
-0.391705
-0.577868
-0.958922
-0.591784
0.418867
0.698416
-0.0166326
0.584765
-0.0701621
-0.108615
0.683523
-0.723991
0.594714
0.341044
0.0210883
-0.855281
-0.480026
-0.556322
0.659902
0.642079
-0.974975
0.222449
0.586108
-0.357463
0.987304
-0.457503
0.712943
-0.12009
-0.215552
0.533128
-0.135472
-0.753716
-0.352397
-0.220679
-0.549242
-0.983154
-0.763421
0.845698
-0.853694
0.0630207
-0.749443
0.694266
-0.113987
-0.883663
-0.113742
0.560167
-0.510849
-0.85406
-0.043672
-0.153905
-0.775018
0.911191
0.480514
0.599292
0.632679
-0.247047
0.561815
-0.867244
0.906735
0.686026
0.360454
0.353862
0.162389
-0.146092
0.977721
-0.638234
0.89172
-0.589587
0.0627155
-0.122105
0.923887
-0.11124
0.954527
0.070101
0.201514
-0.878353
0.171178
-0.665822
0.686758
-0.224952
-0.940367
0.595019
-0.29252
0.557299
0.418195
-0.310587
0.0587481
-0.833796
-0.096408
0.394024
-0.830256
0.0381176
-0.9635
0.659536
0.649953
0.958861
-0.383404
0.615284
0.526597
-0.398846
0.360637
-0.0950041
-0.513596
0.0507523
-0.424665
0.917966
-0.566759
0.382244
0.678457
-0.523728
-0.325175
-0.65099
0.379376
-0.457442
-0.948973
-0.751213
0.332804
-0.490951
-0.684011
-0.972655
0.0775475
0.631336
0.08652
0.682913
0.0729087
-0.830683
0.669485
-0.96588
0.645009
0.79809
-0.919553
-0.0862148
-0.343791
0.8493
-0.433088
0.850398
0.709342
0.949156
0.946898
-0.699026
0.699637
-0.388165
-0.923032
0.497177
0.527207
-0.646657
-0.237892
-0.0331736
-0.218604
-0.113315
-0.581347
0.793878
-0.788873
-0.0376293
-0.195959
0.679434
-0.207617
-0.584887
0.125767
0.865658
0.205908
-0.019013
0.840999
-0.0144963
-0.462203
0.445601
0.46086
0.901364
-0.984985
0.687613
-0.329386
-0.406842
-0.411298
0.17893
0.0792566
0.161473
-0.822504
-0.495712
-0.0904263
-0.995361
0.383709
0.463546
-0.0567339
0.235817
0.494308
-0.682669
0.0317698
-0.600757
0.580187
0.741081
-0.513901
-0.448714
-0.495163
-0.952635
-0.341838
0.766045
-0.34373
0.241371
0.0259713
-0.870174
0.213721
-0.530198
0.0953093
0.28666
0.7622
-0.57213
0.430158
-0.40379
-0.93292
0.285073
-0.875362
-0.0316477
-0.178259
0.693228
-0.971007
-0.564379
0.179479
0.439009
0.0416578
-0.473556
0.884091
0.303934
-0.219703
0.501877
0.809992
-0.306986
0.9447
0.517502
-0.274941
-0.403607
0.682791
0.774773
-0.910947
-0.555345
0.274026
-0.278237
-0.300943
-0.578112
0.440718
0.368328
-0.00466933
0.797723
0.601367
-0.22367
-0.159764
-0.1583
-0.622364
0.788446
-0.418378
-0.117588
0.668203
-0.94232
-0.785699
-0.927122
0.600635
-0.559618
-0.548265
0.426252
-0.324442
0.814692
-0.479965
-0.316935
-0.585803
-0.61272
-0.51268
-0.426435
-0.177404
-0.448653
-0.0591754
0.0362865
0.984497
0.35728
0.82403
0.956664
-0.904172
0.659536
0.246315
0.987793
0.253212
-0.998352
-0.921873
-0.98468
0.308329
-0.69805
0.143651
-0.170263
0.101901
0.402692
-0.176672
0.567797
0.38847
0.544847
0.879574
-0.513718
-0.234352
0.831294
0.317118
-0.369488
-0.0807825
0.740715
-0.908506
0.959166
-0.502487
-0.245155
-0.522629
-0.510971
0.927183
0.161473
0.909543
-0.977538
-0.517563
-0.90466
0.108982
0.0178533
0.921628
0.880917
0.307352
-0.831355
-0.998718
-0.263283
-0.619739
0.250954
-0.816584
-0.0925016
-0.295511
-0.196631
-0.155065
-0.717154
-0.450362
0.20188
-0.695486
-0.432295
0.817682
-0.309122
-0.0216987
-0.934446
0.942381
-0.0655232
-0.0234687
-0.861995
-0.238014
0.649403
-0.545518
0.402142
-0.82342
-0.117222
0.0298776
-0.271523
0.403119
-0.503525
0.578722
0.103244
0.640614
0.421552
-0.276894
0.415082
-0.0417188
-0.755852
0.322611
-0.769036
0.218665
0.686575
0.281899
-0.377361
0.848201
-0.455489
0.987976
-0.893796
-0.731864
0.644887
-0.312235
-0.242286
0.798456
0.384686
-0.879025
0.566881
-0.154027
0.415143
0.717704
-0.908567
-0.808771
-0.96765
0.676443
0.475387
-0.81518
0.837947
-0.767388
0.892209
-0.333293
0.231117
0.431501
-0.52324
0.42027
-0.70397
0.716971
-0.191626
0.97467
-0.354411
-0.350139
-0.993774
-0.433332
0.784906
-0.932676
-0.49852
0.0759606
0.556932
-0.00393689
-0.452864
0.744499
0.232704
-0.367962
-0.471236
-0.505539
-0.191931
-0.300821
0.138768
-0.343852
0.0708335
0.499496
-0.524033
0.91821
0.999023
-0.0330515
-0.865963
-0.68688
-0.945799
0.0379345
0.34019
-0.949034
0.932066
-0.349773
0.207495
0.0122379
0.331523
0.684072
-0.837214
-0.285806
-0.69274
0.156468
-0.387005
-0.43791
0.765618
0.98236
0.912107
0.198096
-0.332133
0.614246
0.69158
-0.239906
-0.496445
-0.126133
-0.38377
-0.136387
-0.404828
-0.713004
-0.370891
-0.881466
-0.20249
-0.764458
0.746025
0.993774
0.154332
-0.762566
0.464461
-0.158422
0.0743736
0.66924
0.847591
-0.104831
0.589343
0.24131
-0.653066
-0.94879
0.256508
0.540574
0.425459
0.249855
0.268471
0.951476
0.0443434
0.264687
-0.66802
-0.731742
0.0751671
0.716422
-0.120457
-0.687979
0.700674
-0.879818
0.174841
0.863094
-0.133946
0.782037
-0.124485
-0.777337
-0.156102
-0.645985
-0.384564
0.716727
-0.0256661
0.863704
0.169164
-0.547777
-0.356059
-0.973144
-0.239357
-0.358745
0.565477
0.659963
-0.920957
0.803095
0.420331
-0.999512
0.564379
0.157933
0.927488
-0.247658
-0.475509
-0.475082
0.400067
-0.335795
-0.352336
-0.963866
-0.146702
0.457198
0.470992
0.979431
0.725333
-0.0885342
-0.630726
0.0828578
-0.726066
0.926756
-0.374615
-0.446577
-0.28843
0.366497
-0.854366
-0.818659
-0.858821
0.501144
-0.61858
0.823847
0.355144
0.860714
-0.978576
-0.419721
-0.439741
-0.690115
0.0148625
-0.028901
-0.909055
0.159337
0.489914
-0.566942
0.172948
0.123264
0.12888
0.443648
-0.199438
-0.0618
0.562975
-0.413434
0.789972
0.453963
0.349223
0.871578
-0.930113
-0.990112
-0.908322
-0.379742
-0.725822
0.908811
0.269875
0.231117
0.696951
-0.199316
-0.663381
0.135594
0.673452
-0.21012
0.648061
-0.741508
-0.550279
-0.923338
-0.212012
-0.705496
-0.397137
-0.0531938
0.849544
0.113926
0.0740684
0.921018
-0.76397
-0.390912
-0.121738
-0.12241
-0.455855
0.295755
-0.448653
-0.040315
-0.908567
0.980102
-0.601367
-0.919553
0.651051
0.804682
0.606372
0.838618
0.955687
-0.0136418
0.279031
-0.344279
0.53386
0.557482
0.465133
-0.0499588
-0.559252
-0.57622
0.233375
0.156835
0.446028
-0.948729
0.862728
-0.590808
0.240577
0.0943327
-0.792718
-0.307901
0.226417
-0.722282
-0.699087
-0.719352
-0.549852
0.84521
-0.739006
0.27665
-0.755791
0.886776
-0.443525
0.0550249
0.136814
0.857723
-0.298196
-0.566698
0.594653
-0.399091
-0.561693
-0.624439
0.159764
0.186499
-0.53264
-0.95526
0.543809
0.87933
-0.204199
-0.985412
-0.758965
0.548631
0.758171
0.454756
-0.775567
-0.168432
0.776299
0.100375
-0.71453
0.36259
-0.0796228
-0.18009
0.581164
-0.617847
-0.666921
0.593066
-0.0491043
0.0372021
-0.421003
-0.289041
-0.434736
0.684317
-0.0167547
-0.988098
-0.531114
-0.48912
0.0201117
0.96466
0.58092
-0.216041
0.815363
0.411603
0.714652
0.0408643
-0.175878
0.78515
-0.820429
0.533982
0.747307
0.608692
0.527512
0.241737
-0.251564
-0.904477
-0.994018
-0.241798
0.0342112
0.658193
0.281289
0.374981
-0.139744
-0.860469
-0.00680563
0.665578
0.0260323
-0.41966
-0.295511
0.887814
-0.0805383
0.333048
-0.192297
0.51384
0.175695
-0.663076
-0.0492264
-0.797723
-0.988769
-0.634632
0.545274
0.524155
0.296609
0.0580767
-0.0810266
0.754631
0.429243
-0.448653
0.675588
0.0447096
0.0705283
-0.481491
-0.176305
0.283609
-0.192114
0.432539
0.238197
0.965026
-0.194494
0.864498
0.015595
-0.629749
0.505783
-0.371197
-0.712699
0.379925
0.44377
0.589953
-0.948485
0.226905
0.238014
0.940123
-0.412336
-0.496384
0.819147
0.763482
-0.984985
-0.264321
0.959288
0.697623
-0.440901
0.833857
0.165136
-0.495407
0.08652
-0.261818
-0.00350963
0.365764
0.47264
-0.43437
-0.127049
-0.289529
0.363628
-0.425825
0.431867
-0.606372
-0.10477
-0.744194
0.498947
0.0324412
0.931578
0.870968
0.735343
0.316385
0.385418
-0.263283
0.0223701
0.102329
0.183447
0.581957
-0.352336
0.106967
-0.561693
-0.719596
-0.646229
0.00955229
-0.609546
0.276345
0.313334
-0.222449
0.681448
-0.987243
-0.907895
0.027192
-0.477645
-0.322306
-0.337016
0.231422
0.319376
-0.422529
-0.466964
0.588733
-0.682241
0.45323
-0.953429
0.363933
0.829585
0.0499588
-0.0735191
0.514634
0.604236
0.252846
0.116062
-0.585253
-0.0925626
-0.89819
0.984558
-0.511093
0.868892
0.998169
-0.0419019
-0.431135
0.661916
0.414472
0.639332
0.785699
-0.921628
-0.578539
-0.522935
0.808649
-0.939817
0.343486
-0.949461
0.245582
0.749809
-0.14481
-0.972167
0.0148625
0.623768
-0.167394
0.863887
-0.497299
0.27018
-0.729667
-0.701529
0.318705
0.373272
0.577746
0.71807
-0.539293
0.467513
0.56621
-0.556993
0.703116
0.023896
-0.559008
0.00320444
0.0196234
-0.569384
0.10886
0.464522
-0.145665
0.430769
-0.885128
0.868404
0.0524613
0.579699
-0.479354
-0.15244
0.263771
-0.715873
-0.963744
-0.520371
-0.368389
-0.0135197
-0.280984
-0.558519
0.579089
0.0549638
0.550523
0.527512
0.505539
0.944761
-0.794366
0.592761
0.20603
0.189856
0.325358
0.985168
0.825312
-0.209632
0.605518
0.528001
0.16007
0.556566
0.0151677
-0.884152
0.121067
0.971984
-0.544053
-0.0133366
0.167821
0.139378
0.175146
0.731254
0.528733
-0.629322
-0.754326
0.104282
0.0185858
-0.015717
0.424848
0.698538
0.266457
-0.128697
0.704031
0.544603
-0.833979
0.394513
-0.137181
-0.301126
-0.638661
0.181677
-0.66039
0.88287
0.57976
-0.6245
-0.26957
0.234962
-0.37431
0.903684
-0.770074
-0.761406
0.846614
0.330424
0.325846
-0.111301
0.88403
0.853145
-0.940123
0.1583
0.522568
-0.994507
0.168126
-0.170751
-0.550951
-0.369488
0.41142
-0.251869
0.734123
-0.314615
-0.588549
0.570727
0.848994
-0.55913
0.301981
0.0570391
0.0299387
0.638173
-0.490829
0.97998
0.803278
0.164342
-0.0260323
0.709403
-0.517747
0.811029
-0.872494
0.534532
0.449873
-0.323588
-0.0663167
-0.212317
0.038728
-0.224647
0.310099
0.830317
-0.178625
-0.581774
-0.759514
-0.0343333
0.123569
0.922239
0.891659
0.339335
-0.428205
-0.783013
-0.954283
-0.109226
-0.510422
-0.0925626
-0.837642
0.41789
0.953063
-0.64391
0.381878
0.817377
-0.680593
0.347209
0.781915
0.563829
0.0412915
-0.104343
0.201453
0.489059
0.577319
0.763054
-0.0570391
0.924863
0.214026
-0.757317
-0.33372
0.271828
0.610279
0.777459
0.786248
0.0561235
0.876217
-0.0286569
0.686697
-0.462996
0.000274667
0.558947
-0.936338
-0.0719932
0.436811
-0.10654
0.710013
-0.706473
-0.334758
-0.482345
0.0530717
0.183996
-0.464278
0.378643
-0.239906
-0.928648
0.211035
0.250343
0.721671
-0.351482
0.520066
-0.0752892
-0.273537
-0.946104
-0.467391
-0.264138
0.14066
-0.915281
-0.829402
0.978027
-0.0970183
-0.539048
0.665944
-0.219398
0.149083
-0.797723
0.678884
0.00350963
0.777215
-0.818598
-0.11063
0.713431
0.267739
-0.084872
-0.126926
0.805536
0.0692465
-0.343608
-0.924802
0.331462
0.863399
0.849544
-0.305033
-0.902402
-0.978942
0.0115665
0.291482
0.0949431
0.562914
-0.898495
-0.0735191
0.323222
0.935423
-0.559557
0.653127
0.572863
-0.0829188
0.245094
0.166173
0.7257
-0.0351878
0.83697
-0.576159
0.138218
-0.684988
0.58977
-0.944273
-0.331156
0.150792
-0.32194
-0.632374
0.913144
-0.852107
0.688467
-0.243141
-0.79284
0.71276
0.157079
0.350261
-0.0356151
0.223243
0.0952483
-0.322672
0.906064
-0.412824
0.565966
-0.809198
-0.251259
0.428755
-0.626637
0.44792
-0.0878628
-0.783319
-0.0715049
-0.23661
-0.191992
-0.353374
-0.647145
0.148839
0.273965
0.58916
-0.116977
-0.651479
-0.28544
0.9176
-0.361614
-0.21366
-0.488327
-0.473556
-0.184973
-0.765191
-0.733329
-0.14536
0.367168
0.0193793
0.437849
-0.776055
-0.759819
-0.429487
-0.0662557
0.307596
-0.783563
0.135899
0.227454
-0.960753
-0.562853
0.465072
-0.448469
0.276711
-0.337992
-0.72045
0.738456
-0.468612
0.330363
-0.659474
0.267617
0.0771203
0.485153
-0.0735191
0.0819422
-0.250038
0.622669
0.533555
-0.263283
0.752556
0.530992
-0.388653
-0.557482
0.774041
-0.821528
-0.853755
-0.434126
0.739677
0.716361
0.904538
-0.851436
-0.498764
-0.34373
-0.851497
-0.990173
0.781976
-0.712882
-0.361919
-0.00747703
0.687002
0.391583
-0.270913
-0.0835902
-0.906186
0.326701
-0.617237
-0.198706
-0.766717
-0.47026
-0.102756
0.921751
0.774895
-0.486984
0.174474
-0.7434
0.728141
-0.591296
-0.665517
0.895566
-0.526536
-0.872738
-0.509507
0.965148
0.234107
0.19187
-0.504135
-0.363445
-0.698599
0.310831
-0.523301
-0.221168
-0.67217
0.750908
0.961852
-0.182226
0.997559
0.573778
0.423383
0.36552
-0.61095
0.798456
-0.96057
0.181677
0.34196
0.552171
0.492355
0.0289621
-0.860652
0.271218
-0.385723
-0.0141911
0.820124
0.0162053
-0.306742
0.779107
0.431562
-0.0376293
-0.748222
0.697867
0.536912
-0.871944
0.110385
0.652577
0.288491
-0.595264
-0.450972
0.940855
-0.619495
0.949461
0.378765
0.282937
-0.807672
0.00350963
-0.264138
0.688955
0.436811
-0.800592
0.411237
0.721
-0.376385
-0.581286
-0.472945
0.71221
-0.346904
-0.737419
0.374615
0.505112
0.850093
-0.801263
0.223426
-0.727775
-0.247597
0.446455
-0.0834071
-0.0186468
-0.0341502
-0.337687
0.063448
0.0674764
0.397504
-0.510544
-0.357952
0.874325
-0.819208
0.032075
-0.174963
-0.571764
0.604724
-0.681204
0.839778
-0.893368
-0.64098
-0.183264
0.676931
0.762627
-0.591601
-0.941771
-0.541246
0.870113
-0.191565
-0.555589
0.280313
0.250893
0.774773
-0.714103
0.335307
-0.0545366
0.319498
0.145177
-0.859737
-0.208228
0.765801
0.541917
-0.331156
0.272927
-0.545579
-0.916135
-0.792352
-0.802911
0.953734
-0.913511
-0.250832
-0.227638
-0.913755
-0.257057
0.730338
-0.362468
0.0846889
-0.0923185
-0.0673544
-0.58623
-0.812067
-0.444624
-0.645436
0.337443
-0.00698874
0.979003
-0.131138
-0.462508
0.871273
0.787408
-0.522568
0.520615
-0.234779
0.767449
0.977172
-0.575426
-0.324137
0.671133
-0.152684
0.605396
0.154149
0.991272
0.173132
0.117038
-0.891354
0.787835
-0.583789
0.650014
0.242836
0.627674
-0.154515
0.488083
0.4326
-0.299844
-0.559008
0.0479446
0.358806
-0.82934
0.0822474
0.562731
0.705679
0.835566
-0.165014
0.473128
-0.762017
-0.860836
-0.852535
0.0876797
-0.929807
-0.381451
-0.230262
0.0752892
-0.561144
-0.165685
0.207862
0.352092
-0.708121
-0.146031
0.52617
0.925535
-0.99353
0.347636
0.309183
-0.742424
0.548631
-0.640492
0.596545
-0.28898
-0.613636
-0.181372
-0.397015
-0.36137
0.469771
0.848689
-0.964171
-0.318949
-0.410993
0.942869
0.823054
0.832942
0.425153
0.0633259
-0.936705
-0.158177
0.603442
0.729545
-0.987976
-0.49852
-0.93585
-0.843074
-0.0858486
-0.59801
0.0616169
0.509445
-0.501999
-0.300638
0.104892
-0.672903
0.940977
-0.532212
-0.847652
-0.807367
0.120884
0.195593
0.372906
0.698416
-0.0348216
-0.0112613
-0.214576
-0.223487
-0.290689
-0.95642
0.0906095
-0.544847
-0.121006
-0.0477004
0.00564592
-0.896908
0.806879
-0.598376
-0.583789
0.224525
-0.503281
0.830012
-0.343181
0.867611
0.648793
0.603015
-0.767266
-0.291177
0.656301
-0.72808
0.295938
-0.124546
0.388531
0.476241
0.18717
-0.431196
-0.429304
-0.947264
-0.642872
-0.449202
0.574389
0.915647
-0.020661
0.556322
0.430158
0.26664
0.565966
0.693899
0.876034
0.701529
0.901303
-0.103061
-0.747185
-0.227577
0.603137
-0.511155
0.0607624
-0.429548
-0.373943
-0.0769372
-0.0128483
0.889523
0.0187078
0.762017
0.22074
-0.4644
-0.753105
-0.0434889
0.862789
0.34257
0.396405
0.488937
-0.751213
-0.542833
-0.433699
-0.55858
0.992615
0.457137
-0.232765
-0.447005
-0.43437
0.862484
-0.364971
0.327128
-0.775994
0.604907
0.273965
0.752739
-0.904172
-0.983703
0.541185
0.700858
-0.75927
-0.100864
0.084872
-0.940306
0.49498
-0.758477
0.449263
-0.329447
0.914121
-0.860347
-0.442061
-0.873531
0.625721
0.48912
-0.110752
-0.502243
-0.0952483
0.00863674
-0.345073
0.0443434
0.284524
0.158422
-0.704276
0.980407
-0.485702
-0.484664
0.605518
-0.648976
0.178381
0.167638
0.79693
0.0856044
0.786737
-0.308084
0.8211
0.288736
-0.848811
0.274209
0.253517
-0.167516
0.85992
0.538499
0.0591144
0.311686
0.660573
0.644765
-0.451827
-0.57506
-0.432539
0.218543
0.83697
0.844172
-0.496261
-0.324198
-0.875912
0.634571
0.290139
0.504196
0.0962249
0.288247
0.795099
-0.936033
0.774651
-0.566698
-0.94293
-0.52855
-0.883541
0.281533
-0.8081
0.126133
0.681814
0.876461
-0.102023
-0.554369
-0.320353
-0.794916
0.371441
-0.630177
0.705679
-0.764763
0.444197
0.196753
0.483749
0.941221
0.757134
-0.686392
-0.0765709
-0.620045
-0.21952
-0.615528
-0.192846
0.881222
-0.504685
0.557421
0.418256
-0.587573
0.546556
0.253883
0.422834
-0.816889
0.681997
-0.897397
-0.681509
0.548997
-0.711478
0.580493
0.761895
-0.720145
-0.161046
0.922727
-0.913144
0.253395
-0.939268
0.865596
0.328104
-0.363262
0.640736
-0.216773
0.0592975
0.619434
0.276955
-0.218299
-0.638173
0.75927
-0.109104
0.312418
-0.766045
0.00387585
-0.187719
0.867855
0.754143
-0.548997
0.748894
0.321329
-0.689383
-0.0907926
0.354411
0.474654
0.210547
0.321757
0.206214
0.374126
-0.0206
-0.88348
0.00552385
0.959899
0.665517
0.544542
0.813349
0.60857
-0.540025
-0.9317
0.133518
-0.866146
0.946348
-0.135655
0.656178
0.806146
0.29075
0.501144
-0.52617
-0.0456252
0.687124
-0.144688
-0.417524
-0.287576
-0.632374
-0.671316
0.480819
-0.527635
-0.507065
0.428755
-0.321329
-0.39256
0.233314
-0.225562
-0.0705893
-0.972961
0.353923
-0.409101
-0.00387585
0.126072
-0.383709
0.754448
-0.233375
0.691397
-0.690909
0.450911
-0.472091
-0.671987
0.219947
-0.489853
0.213355
-0.0328684
-0.639027
-0.521592
0.435347
0.0185858
-0.238502
0.491501
-0.884579
-0.26957
0.638905
0.0115665
-0.475509
-0.681509
0.261208
-0.510788
-0.454268
-0.573046
0.813654
-0.985473
-0.027253
-0.515366
-0.418683
-0.981933
-0.344646
-0.482711
-0.238685
-0.914243
-0.694571
-0.0198065
-0.784661
0.949461
0.775506
-0.827754
0.47734
-0.284585
-0.377667
0.794977
0.326701
0.394269
-0.231422
-0.781915
0.240638
-0.206702
0.0741905
-0.984558
0.0381787
0.835688
-0.36961
0.332011
0.0276803
-0.633229
-0.410566
0.645741
-0.0290841
0.512131
0.341227
0.487167
0.176366
0.648427
-0.149388
-0.322794
-0.966735
0.0498978
-0.0326853
-0.351665
0.300394
0.273843
0.52092
0.409223
0.460189
-0.654042
0.0130924
-0.282937
-0.546983
0.809748
0.720878
-0.980773
-0.89819
-0.299051
-0.978149
-0.27311
0.541368
-0.488693
0.754875
0.383282
0.963256
-0.79809
0.428083
0.288858
0.990356
0.330607
0.0876797
0.146092
0.992737
-0.64507
0.658559
-0.713553
-0.343303
-0.82635
-0.42906
0.0415967
-0.878597
0.968322
-0.515976
0.821589
-0.00674459
0.408856
-0.079928
0.463118
0.552355
-0.715201
0.62096
-0.590869
-0.537339
0.624561
0.440229
0.28367
0.298929
0.365276
0.582629
-0.577136
-0.798212
-0.363201
0.00344859
-0.0736412
-0.0251167
0.720695
-0.218726
-0.209693
-0.0644246
0.747429
0.275002
-0.315287
0.832453
0.195227
-0.12064
-0.0616169
0.141148
0.251381
-0.810175
-0.707205
-0.947874
0.0994598
-0.609058
0.988586
0.46202
0.195105
0.679189
0.745842
-0.71868
0.592517
-0.466292
0.202246
0.371746
0.383953
0.647389
0.370159
0.423627
-0.684622
0.330119
0.675954
-0.911435
-0.359905
-0.802057
0.143773
-0.322306
-0.726554
0.959166
0.286721
0.739067
0.310465
-0.889279
0.266762
0.826472
-0.030427
0.357891
-0.112461
-0.227821
0.0243843
0.56798
0.981262
0.776177
-0.213538
0.0729698
0.752495
0.623768
0.701407
0.131138
-0.358074
0.345378
-0.379864
-0.637806
-0.72808
-0.370098
0.80932
-0.0327464
-0.963561
-0.695914
-0.238014
0.546312
0.898312
-0.808344
0.871761
-0.674123
0.955687
-0.337138
0.0323191
0.610034
-0.659108
0.188757
0.226051
0.265297
-0.986267
-0.788446
-0.837519
-0.945738
-0.988586
0.643788
-0.968993
-0.370952
0.718802
-0.691092
-0.571703
-0.00283822
0.719535
0.636158
-0.475021
-0.727165
0.792962
0.921262
0.532517
0.525987
0.61742
-0.533738
0.533372
0.54088
-0.257179
0.911435
0.73748
-0.701651
0.396039
-0.930479
-0.773675
0.992309
-0.32017
0.578356
-0.751579
-0.605762
0.72985
-0.319559
0.127232
-0.621998
-0.60979
0.445662
-0.154027
-0.582873
-0.0278634
-0.253456
-0.630299
0.867244
0.655873
-0.699087
-0.231056
0.845943
0.100742
0.0927458
0.205908
0.523667
-0.175878
-0.515305
-0.152806
-0.363872
-0.0871914
0.335002
-0.235817
-0.967345
0.628407
0.42967
-0.115452
0.0718101
-0.529588
-0.455245
-0.943052
0.677358
0.2584
0.449385
-0.708548
0.866817
-0.203894
-0.837275
0.238441
-0.434797
0.680471
0.777825
0.967956
-0.483566
-0.18247
0.163305
-0.887448
0.104892
-0.79223
-0.142064
0.436262
0.89935
0.563524
0.468001
0.890744
-0.267373
0.320902
-0.118748
0.223731
0.128513
0.608875
0.610279
-0.80047
-0.11124
0.737785
-0.423566
-0.504196
-0.346843
0.76989
-0.351115
0.338786
-0.75573
-0.265664
-0.751335
0.938658
0.61034
0.0495926
-0.667348
0.789056
-0.822382
0.714652
0.0686361
0.891781
0.426313
0.833125
0.513962
-0.0301828
-0.49913
0.0312204
-0.388653
0.731315
0.668325
-0.666982
-0.187109
0.246925
0.436628
-0.944578
-0.354289
-0.497543
-0.854122
-0.715384
0.531724
0.190649
0.844478
-0.502304
0.173193
-0.197485
0.262734
0.89111
-0.181738
-0.916623
0.697378
-0.0220038
-0.283181
0.913572
-0.382061
-0.981079
0.0807825
0.677664
-0.191443
-0.154149
-0.139317
-0.814936
0.857784
0.643544
0.651357
0.203467
0.807855
0.250954
0.0386059
-0.332621
0.777215
-0.456038
-0.299783
0.626637
0.368145
0.463301
0.573229
0.993835
0.671499
0.248756
0.399823
0.156346
0.682302
-0.556383
-0.0347606
-0.486312
-0.0624714
-0.769158
-0.661061
-0.997009
-0.810602
0.663625
0.432539
0.675466
-0.0741295
-0.646779
-0.813471
-0.614002
0.551622
0.176305
-0.301187
-0.340983
0.0416578
-0.436018
-0.393841
0.791742
0.880245
-0.0638142
-0.966796
-0.741081
0.0967742
-0.158177
0.419599
0.480941
0.212867
0.369854
-0.461104
-0.983032
0.91113
-0.608814
-0.978759
-0.752861
-0.760369
0.19602
0.692495
-0.394879
-0.835932
0.0876797
0.042085
0.424055
0.279763
-0.503952
-0.867244
0.458296
0.496384
-0.826655
-0.73632
0.143406
0.508225
0.0340892
-0.299844
0.657094
0.861446
-0.797906
-0.217627
0.842952
-0.567797
0.827509
0.725455
-0.93939
0.126926
-0.765191
0.4232
0.023957
0.617908
0.96704
-0.431196
-0.310404
-0.0735801
-0.715201
0.403974
0.259499
-0.333354
-0.312662
0.409406
0.358684
-0.23899
0.0131535
0.24955
0.451827
0.442
-0.312784
0.283609
0.55974
-0.649342
-0.326212
0.955504
0.340373
-0.454146
-0.300272
-0.625111
0.594287
-0.764092
0.309183
-0.597339
0.25956
-0.954711
0.312906
-0.447676
-0.0434278
-0.370525
-0.804804
0.0207831
0.146641
-0.550951
-0.960387
-0.840144
0.966185
-0.482345
-0.463057
0.70275
-0.200659
0.93408
0.638173
0.0554521
-0.348918
0.0122379
0.413678
0.968749
0.383953
0.821955
0.682608
0.89996
-0.119785
-0.0485549
-0.0259713
0.380047
-0.807245
-0.694327
0.382733
0.696158
0.746452
-0.247902
-0.118198
-0.796564
-0.347636
-0.573656
0.655019
0.578234
-0.800836
-0.488998
-0.989074
-0.674978
0.581103
-0.700735
-0.557787
-0.149815
-0.0723594
-0.643666
0.390851
-0.585742
0.696768
0.59093
0.284158
0.275613
0.493088
0.0493484
-0.598254
0.338298
0.37492
-0.754814
0.137913
0.616077
-0.288064
-0.164037
-0.779901
0.825617
0.65624
0.460372
0.448042
-0.579394
-0.711295
-0.451827
-0.486312
-0.619495
-0.495468
-0.0848109
-0.533067
0.0648518
0.698538
-0.0441603
0.387188
0.447005
-0.685476
-0.754082
-0.174657
0.0395215
-0.679922
-0.631886
-0.422712
0.822748
-0.330302
-0.227515
-0.647755
0.49028
-0.181433
-0.515061
0.898068
0.323222
-0.650014
0.475326
-0.854305
0.00607318
0.778191
-0.501267
-0.0636921
0.695975
-0.410321
0.221717
0.892636
0.658803
0.585314
0.445967
0.996948
0.784234
0.585376
0.242531
-0.560595
0.291787
0.561022
-0.191443
-0.702078
-0.0586261
-0.746635
0.858821
0.612354
-0.940611
-0.655995
0.365581
0.416181
-0.305094
0.238075
0.458113
0.287637
0.215857
0.523606
-0.70513
0.982482
-0.33964
0.169164
0.721244
0.711844
-0.846004
-0.47795
-0.475631
0.626698
-0.294412
-0.830134
0.0988495
0.0721763
0.695059
-0.272011
-0.666005
-0.826472
0.364605
-0.385174
-0.462203
-0.683035
0.626881
-0.121311
0.206885
-0.912534
-0.498398
0.137364
0.457991
0.225806
-0.506211
0.69335
0.931211
-0.831843
-0.774468
0.887875
0.978759
0.729789
0.63506
0.755364
-0.0485549
-0.504196
-0.946471
0.0412915
0.395306
-0.518052
0.474288
-0.354289
-0.0295724
-0.373455
-0.674795
-0.444807
-0.0943327
-0.322306
-0.941771
0.325419
0.800409
0.0373852
0.867
0.177282
-0.41319
0.124851
0.846248
0.768426
0.464827
0.822138
0.905637
-0.29667
-0.378399
-0.435835
-0.251137
0.844356
0.549913
-0.363933
-0.767266
0.485214
-0.224952
0.23954
0.417158
0.45146
-0.193823
0.891781
0.618824
0.18833
-0.878964
0.718375
-0.218177
0.899533
3.05185e-005
0.203955
-0.523118
-0.200354
0.018952
-0.0382397
0.842097
-0.457808
0.0153508
0.0854213
0.777215
0.885678
0.339885
0.645192
0.704886
-0.339518
0.204932
0.891598
-0.789422
0.099765
-0.0563066
-0.271828
0.873836
-0.405072
0.992126
-0.98352
0.603198
0.940489
-0.594775
0.275369
-0.211707
-0.871212
-0.277627
0.337687
-0.419965
0.759026
0.99115
0.52617
-0.387371
-0.879208
-0.235023
0.911679
-0.520554
-0.982727
-0.114109
0.21543
-0.724906
0.387982
-0.135716
0.919187
0.516831
0.795587
-0.33079
0.143773
-0.243263
-0.161718
-0.258461
-0.139317
0.198767
-0.44969
0.0419019
0.997742
-0.369121
-0.146397
-0.053621
-0.998596
-0.0126041
-0.877926
0.802667
-0.580004
0.851802
0.922605
-0.0417188
-0.933103
0.214087
0.993286
0.0746788
-0.669851
0.794
-0.476669
0.538316
-0.811945
-0.756401
0.795831
0.782281
0.494552
0.541185
-0.743828
0.330546
-0.903317
0.888485
0.0693075
-0.622852
0.346721
-0.574694
-0.773247
0.713614
0.570849
0.0724815
-0.73162
0.815424
-0.942137
-0.184118
-0.321451
0.902463
0.129856
0.745231
0.0211493
-0.216346
-0.142979
0.158544
0.875668
-0.700308
0.97998
0.0459304
0.636158
0.175878
0.601306
0.264626
-0.764031
-0.902768
0.209387
0.717704
0.86108
0.819819
0.596423
0.849849
0.713675
0.127964
-0.766228
-0.228675
-0.110202
-0.546312
0.66686
-0.676321
-0.56798
0.967101
-0.508408
-0.600513
-0.379131
0.952757
0.47618
-0.17185
-0.433454
-0.7163
-0.610889
0.140965
-0.835322
-0.194494
-0.902646
-0.472884
0.477279
0.442793
0.496139
0.294351
0.601917
0.840938
0.833247
-0.854915
-0.907956
0.356059
0.990905
-0.417585
-0.00930815
0.204321
0.286477
-0.243385
-0.46086
0.584277
0.355754
-0.933897
-0.374981
0.584399
0.680349
-0.175085
0.0300607
-0.311869
-0.677725
-0.691519
-0.457869
0.689444
-0.571459
0.49144
0.992309
0.830378
-0.933348
0.788873
0.280618
0.974303
0.956053
-0.885556
0.452376
-0.37315
-0.345012
0.566942
0.887997
-0.383404
0.768792
-0.941527
0.668325
0.248695
-0.261574
-0.803278
0.178564
0.743522
0.774651
-0.266762
0.0127873
-0.226844
-0.501267
-0.109165
-0.758477
0.908078
-0.146886
0.882565
0.105747
0.785882
0.843562
-0.0658284
-0.80163
-0.183935
-0.323771
-0.876522
0.197302
0.231849
0.85168
0.348308
0.210974
-0.697684
-0.221656
0.735771
0.800409
0.517441
0.468184
-0.194433
-0.260903
0.557543
-0.123264
0.700125
0.57384
0.861629
0.450179
0.792779
0.048677
-0.395489
-0.558092
-0.0119327
0.454878
0.897763
0.561571
0.025605
0.969176
-0.975097
0.517808
-0.899472
-0.957762
0.525071
0.0188299
-0.887387
-0.0983612
-0.0641194
-0.207862
-0.142918
-0.77105
0.0101627
-0.813837
-0.530869
-0.92346
0.216529
-0.0831629
-0.56505
0.0847499
0.338664
0.520798
-0.518479
0.0615558
0.984375
0.0781579
0.658132
-0.010651
-0.183142
0.768059
-0.0788293
-0.481002
-0.677969
-0.182836
0.536241
-0.984863
0.922971
0.407086
-0.391644
0.214393
-0.745964
0.099826
-0.946043
0.559923
-0.591052
0.34611
-0.67333
-0.726432
0.972839
-0.362346
0.209815
0.229591
-0.347819
-0.132664
-0.0130314
-0.309122
0.315653
0.457808
-0.694754
-0.0286569
0.256569
-0.17716
-0.958861
-0.913205
0.491256
0.723258
0.483871
-0.54387
-0.0954314
-0.920713
-0.85345
-0.283914
0.0561235
0.803461
0.520188
0.711661
-0.54149
0.213904
-0.920103
-0.274941
-0.858699
0.594348
0.859127
0.00497452
0.312296
0.459151
0.901425
-0.340251
-0.0710776
0.0889615
-0.0953703
0.975707
0.992798
-0.101657
-0.631458
0.223853
-0.621509
-0.802606
-0.440962
-0.981811
0.0113834
0.91113
-0.399213
-0.713858
0.203894
0.817438
0.0121158
0.915281
0.966002
0.868343
0.992981
0.138524
0.0995819
-0.845454
0.779839
-0.279946
-0.108188
0.0778527
-0.620533
-0.996094
-0.782708
-0.70745
-0.00619526
0.889462
0.863826
0.979492
-0.551195
-0.206153
-0.107273
0.0137028
-0.0598468
-0.333354
-0.152562
0.59032
-0.592883
0.116428
0.621815
-0.131077
0.848567
-0.285867
0.800897
0.200476
-0.107639
0.534104
0.287515
0.49852
0.931455
0.996277
0.0260323
0.317728
-0.861446
-0.928587
0.636341
-0.798151
0.672903
0.912412
0.770623
0.86346
0.389813
0.973144
-0.995117
0.758477
-0.632191
0.67925
0.0792566
0.617542
-0.436018
-0.288675
-0.703543
0.497482
-0.0890835
0.964232
-0.104648
-0.0861538
-0.832575
-0.755852
-0.792535
0.618824
-0.164037
0.767815
0.412641
0.585559
0.458541
-0.477035
-0.295938
-0.237342
0.60448
-0.443342
-0.323527
-0.839717
-0.138157
-0.749687
0.748955
-0.169408
-0.854793
0.646352
-0.564257
-0.694266
-0.367473
-0.112217
-0.722587
0.0551469
-0.356975
-0.166051
-0.755913
-0.475326
0.769829
0.913938
-0.575488
0.320658
-0.422224
-0.718802
0.811945
0.100497
0.181494
0.331706
-0.998901
-0.266701
0.0137028
0.647145
0.60741
-0.707755
0.0979949
0.426862
0.220862
0.441572
0.138218
-0.529221
0.708487
0.780389
-0.263833
0.775201
0.676382
0.706473
0.0512406
0.804376
-0.0957366
0.361553
-0.786493
0.500717
0.566027
-0.778253
-0.196081
0.0955535
-0.953429
-0.105686
-0.287637
-0.216773
0.170507
0.684561
0.688101
-0.679189
0.651723
0.494308
-0.106418
0.616443
-0.420637
0.615345
0.774957
0.367962
0.751457
0.979492
0.561083
0.815424
0.667592
-0.571581
0.704398
-0.331156
0.995483
-0.434431
-0.424604
-0.725394
-0.678091
-0.247719
-0.276101
0.0824305
-0.998047
0.811335
-0.981689
0.475753
-0.0821863
0.999756
-0.022187
0.0275582
0.960265
-0.186316
0.606555
0.245338
0.0458083
-0.811762
-0.953917
-0.134434
0.481185
-0.346477
-0.644398
0.76281
-0.51207
0.010712
0.733818
-0.466659
-0.300333
0.0903653
-0.505478
0.818171
-0.555345
-0.845149
0.109592
-0.574084
0.625843
-0.491867
0.629322
-0.680227
0.0110782
-0.125462
0.795404
0.529527
0.746391
0.110385
0.157262
0.0522782
-0.0963469
-0.190649
0.50499
-0.195898
0.876705
0.365459
-0.0690023
-0.315653
0.436811
-0.944823
0.833369
0.816401
-0.738273
0.702017
-0.827448
-0.973632
-0.250771
-0.515244
-0.704459
-0.377361
-0.071688
0.454085
-0.362529
-0.461409
-0.719108
-0.682608
-0.384014
-0.0986053
-0.713919
0.0566729
-0.971374
-0.911374
0.499252
0.940001
0.267251
-0.663747
0.979369
0.490829
0.660695
0.95941
-0.124119
-0.0233467
-0.740654
-0.751091
0.988708
-0.0209052
-0.626331
0.106784
0.113071
-0.390423
-0.821345
-0.518357
0.982299
-0.0691244
-0.302347
0.667837
-0.379681
0.149083
0.477157
0.530442
-0.0823695
0.137425
0.266152
0.718131
0.241249
-0.14597
-0.988891
0.927488
-0.106662
-0.782464
0.480697
0.279824
-0.770501
-0.998108
-0.169286
-0.125645
0.250099
0.312845
-0.575488
0.579394
-0.523972
-0.790521
-0.781487
-0.875546
-0.0771203
0.0326853
-0.9729
0.555589
-0.0150456
0.00289926
0.979064
0.116245
0.042024
0.650014
-0.522385
0.616993
0.600879
0.637989
0.977477
0.35551
0.785089
-0.45378
0.889584
-0.349956
0.98468
-0.82934
-0.0712607
-0.951415
0.478256
-0.093234
-0.785699
-0.723319
-0.159398
0.777276
0.437056
-0.0147404
0.947996
0.666433
0.405683
-0.637501
0.392865
-0.675405
0.284219
-0.328898
-0.877499
-0.295694
0.833552
0.774041
0.111728
0.190771
-0.0307321
0.710746
0.883541
0.289773
-0.0516678
-0.613086
0.69042
0.334941
0.49736
0.440291
-0.832453
0.777093
-0.805414
-0.65624
0.271767
-0.382122
-0.581347
0.810602
0.317728
-0.448897
-0.824458
-0.438276
-0.0754723
-0.627491
-0.88226
-0.48027
0.685049
-0.777337
-0.933226
-0.509507
0.370037
0.223792
-0.647633
0.395917
-0.519761
0.0736412
0.280557
0.119907
0.9588
-0.840815
0.0427564
-0.969848
-0.124607
0.752251
0.37962
0.238136
0.89697
-0.150731
0.310343
-0.340495
0.354961
0.218665
-0.758415
-0.0610065
0.723136
0.217505
-0.232765
-0.700674
0.317972
0.940062
-0.527268
-0.619861
0.0345164
-0.739067
0.0550859
-0.873592
-0.0707114
-0.664174
-0.927793
0.790948
-0.536058
-0.879391
0.6339
-0.888119
0.221168
-0.526536
0.345988
-0.270302
0.906125
0.40141
0.82165
-0.0963469
-0.555162
0.0132145
-0.928953
-0.407697
-0.00589007
0.74279
0.0828578
-0.040376
-0.327799
0.403607
-0.0906705
-0.630726
0.826411
0.638783
0.56798
-0.0698569
-0.352947
0.326945
0.0719321
0.654286
0.942808
0.508713
-0.0978729
0.291299
-0.112827
0.394452
-0.767083
-0.0989105
0.551561
-0.982971
0.224464
0.227088
0.0352489
0.091586
-0.306253
-0.0675985
0.00564592
0.644154
-0.522874
-0.237281
0.461104
0.973388
0.797052
0.696768
-0.470748
0.506088
0.944395
-0.852657
0.112644
-0.890194
-0.409345
-0.723197
-0.805414
0.425459
-0.9588
-0.513169
0.617969
0.781182
-0.257973
-0.852718
-0.851619
0.251381
-0.646718
0.626331
0.636402
-0.577136
0.701956
0.682363
0.088229
0.429914
0.925291
0.283425
0.460555
-0.17832
-0.881405
0.913694
-0.0105899
-0.175695
0.799921
0.430952
0.86755
-0.439924
0.501999
0.538133
-0.91876
0.785516
0.807672
0.929502
0.220618
-0.28782
-0.862484
0.175878
-0.926023
-0.52794
0.605213
0.410504
-0.179052
0.788995
0.250465
-0.122105
0.634999
-0.579089
0.964721
0.408918
-0.491134
-0.0666829
0.41966
-0.116184
-0.884579
0.367473
-0.687124
0.746208
-0.48442
-0.634449
0.241981
0.629994
0.527024
0.315836
-0.479843
0.162755
0.564867
0.0788293
-0.75396
0.00680563
-0.231727
0.859249
-0.0605182
0.201209
0.224281
0.784112
-0.943541
-0.132908
-0.898618
-0.24955
-0.304422
0.338908
-0.492965
0.105747
0.807978
-0.216407
0.878658
0.721915
-0.775994
0.370891
-0.276467
0.0268868
0.809076
0.0567339
0.518723
0.556017
-0.93994
0.0425123
-0.417219
0.584521
0.456709
-0.0274361
-0.266213
-0.594409
0.878231
-0.0674764
0.544053
-0.185156
0.399884
-0.689383
0.00564592
0.364299
0.780572
-0.414411
0.418378
0.94879
0.953917
-0.898373
0.312601
0.286538
0.836482
0.895444
-0.779778
0.857051
0.764397
-0.364666
-0.894406
-0.141881
0.871395
0.737297
-0.73101
-0.254555
-0.278787
-0.281716
0.535325
0.91644
0.505844
0.851009
-0.459456
0.10062
0.122959
-0.818354
0.928282
-0.979247
-0.555345
0.973693
0.268777
0.884823
0.0904874
0.639332
-0.486435
-0.727165
0.0160222
-0.777398
-0.202734
0.981384
-0.76867
0.495224
-0.600391
-0.613392
-0.0397046
-0.272011
-0.319315
-0.109714
0.553758
-0.798639
0.80047
0.00924711
-0.530625
-0.484237
0.0365307
-0.326884
0.630482
0.765862
0.512253
0.290689
0.475631
0.640431
-0.853389
0.148656
0.0130924
-0.489669
-0.359722
0.704764
0.190893
-0.432173
-0.691458
-0.662038
-0.103854
0.0781579
-0.42497
-0.881283
0.895749
-0.19187
0.937437
-0.840022
-0.969115
0.691885
0.21897
0.114292
-0.0217597
-0.201636
0.917295
0.376507
0.889645
-0.338725
0.46324
-0.442671
0.223365
0.035432
-0.797235
0.787713
-0.920408
-0.859004
0.913877
0.418622
0.351787
-0.541185
-0.329325
0.677419
-0.992859
0.138707
0.868648
-0.156163
-0.191015
-0.91644
-0.77868
-0.491684
-0.208106
0.772393
-0.456526
-0.525803
-0.195532
0.882931
-0.869503
-0.13242
0.430342
-0.221412
-0.450789
-0.983581
0.600635
-0.0790124
0.650685
0.661855
0.210486
-0.729911
0.617969
-0.936644
-0.948119
-0.263955
0.862606
-0.437544
-0.624439
0.743645
-0.420331
-0.835932
0.393963
0.972961
0.777093
0.701346
0.0383618
0.33787
0.588855
-0.85577
0.282449
-0.734062
-0.313517
-0.384442
-0.655202
-0.659047
-0.399152
-0.323588
-0.917661
0.371807
-0.233924
-0.556688
0.888607
-0.0511795
-0.90112
0.100558
0.407025
0.552232
0.92584
0.368816
0.374859
0.272378
-0.92993
-0.506027
-0.0930509
0.207007
-0.088229
0.317667
-0.46556
0.595813
0.232459
0.992065
0.309244
0.756584
-0.342021
0.90228
0.28782
0.884091
-0.488876
-0.641957
0.706351
0.775018
0.887509
0.617237
-0.840693
-0.459029
-0.234779
-0.19602
0.0953093
-0.627308
-0.0356761
-0.71569
-0.0589923
-0.583178
-0.235817
0.0606403
-0.833186
0.82934
0.995117
-0.251686
0.606861
-0.933775
0.41435
-0.302286
0.344279
0.476424
0.180212
0.821833
0.47673
-0.744011
-0.764336
0.694571
0.0725425
-0.169591
0.415693
-0.519333
-0.369366
0.722892
-0.91174
-0.73986
-0.642445
0.975402
0.144688
0.30961
0.572619
-0.818598
-0.851314
0.9035
0.55504
0.195837
0.45909
0.197058
0.144688
-0.418256
0.136937
0.754021
0.409467
0.859493
0.450911
0.280984
-0.308756
-0.38255
-0.207434
-0.868221
-0.656423
-0.449873
0.814142
-0.856319
-0.527085
0.483261
0.601672
0.367901
0.996948
-0.549547
-0.304117
-0.742485
-0.669362
0.883053
-0.226966
0.874691
0.0152287
0.974975
0.798456
0.679983
-0.400372
0.287332
-0.534898
0.466109
0.0893887
-0.347636
-0.26957
-0.000946074
0.273721
-0.558519
-0.737724
0.928098
0.244545
-0.741081
0.608631
0.528611
0.419172
0.123386
0.901547
-0.16129
-0.620899
0.200964
0.909421
-0.246376
-0.16129
0.150975
-0.751091
-0.361248
-0.946165
-0.85229
0.570238
0.025605
0.985961
-0.3596
-0.473617
-0.0483718
0.530992
-0.0857875
-0.658559
0.507675
-0.871151
0.513901
0.788018
-0.84582
0.0630818
-0.405988
0.387616
0.37022
0.764641
-0.743034
-0.353374
-0.803461
0.432478
-0.0579546
0.139256
-0.764153
0.282815
0.927244
0.250771
-0.327311
0.73986
0.00753807
0.394147
0.875118
0.880123
0.411176
0.510666
-0.859188
0.443709
0.0165105
0.66924
0.151219
-0.275979
0.932676
0.575182
-0.306558
-0.350749
0.505051
0.801996
-0.784051
-0.63274
-0.18955
-0.441816
0.777764
-0.352458
0.701651
-0.198096
0.954833
-0.588549
-0.53386
0.515366
0.266152
-0.295633
0.160375
0.952269
-0.317972
0.421369
-0.318033
-0.32963
0.77636
0.0995209
-0.356548
-0.838496
-0.913755
0.0890225
-0.891537
-0.108066
-0.758415
-0.584338
-0.74572
0.56505
-0.574328
-0.352397
0.0224311
0.419843
-0.268715
0.0777306
-0.179968
0.376446
-0.0266427
0.535752
0.334696
0.841975
-0.478866
0.141453
-0.475326
0.989257
0.712638
-0.688589
0.847957
-0.679495
0.413312
-0.667104
-0.208472
0.328654
-0.717826
0.816034
-0.235511
-0.931211
-0.693045
-0.662587
0.416425
0.452742
-0.828303
-0.411603
0.444258
-0.922239
0.0186468
0.338603
-0.0498978
0.404279
-0.832942
-0.470809
0.412214
-0.907651
0.352153
-0.192724
-0.66863
-0.687796
0.045381
-0.185644
-0.383465
0.838496
0.419416
-0.459151
0.76989
-0.256752
0.520676
-0.940184
-0.0635701
-0.501083
0.210425
0.952147
-0.121372
-0.696646
0.439009
-0.264809
-0.0603351
-0.559313
0.413617
0.608509
-0.94293
0.489486
-0.776177
0.827815
0.890561
0.191076
0.486312
0.0208441
0.124058
0.790826
-0.428571
0.756951
0.00784326
0.664174
-0.0251167
-0.317179
0.200049
-0.959349
0.395917
0.537889
0.97235
-0.362224
-0.914853
-0.640126
0.840693
0.0179144
-0.975219
-0.804193
-0.315104
0.479843
0.502731
0.628101
0.418989
-0.701529
0.644276
-0.569933
-0.725883
0.124668
0.463179
-0.336589
-0.241493
0.357097
0.994507
-0.471786
0.354289
0.300089
-0.927671
0.280862
-0.983886
-0.0813929
0.314737
-0.47026
0.532884
-0.996521
-0.122898
-0.776788
-0.185278
-0.440352
0.539048
-0.359355
-0.831233
0.228797
0.684866
-0.299478
0.625965
-0.439619
-0.258705
0.897214
-0.620106
-0.0573443
-0.365337
-0.821223
-0.596728
-0.994201
-0.169469
0.0798669
-0.699087
0.311197
0.517075
-0.580737
-0.535264
0.137364
-0.503708
0.877926
0.591235
0.176672
-0.655629
0.767327
0.625477
0.954588
0.404096
-0.697317
0.192663
-0.216163
0.171484
0.691702
-0.419111
0.0666829
0.64037
-0.647511
-0.66277
-0.243263
0.165502
0.573473
-0.460677
-0.20603
-0.591784
0.926145
-0.194678
0.32487
-0.0734581
0.74517
-0.895138
-0.480392
0.972411
-0.0130314
-0.567003
0.800287
-0.942076
-0.220252
0.410138
-0.709037
-0.145238
0.977355
0.870174
-0.696341
0.986511
0.0296945
0.499191
-0.328715
-0.720511
-0.517808
-0.411969
0.741264
-0.967406
-0.58385
-0.0398877
-0.158666
0.868709
-0.856441
-0.862545
-0.968932
-0.268899
-0.532029
0.808222
-0.0492874
-0.412763
0.824396
-0.343608
-0.420087
-0.598926
-0.389447
-0.381512
-0.280251
-0.0615558
0.0224311
-0.372478
0.00943022
-0.033723
-0.294717
-0.091464
-0.70922
-0.590747
0.534776
0.886654
-0.867
0.0256661
0.838313
-0.228492
0.329936
-0.834468
0.371441
0.87994
0.182348
-0.826594
0.359661
0.758782
-0.621632
-0.00241096
-0.0801721
0.171972
0.28367
-0.430525
-0.82757
0.0126041
-0.545701
-0.485031
0.35844
-0.796319
0.184851
0.75988
-0.728324
-0.350566
-0.0958586
0.592517
0.321146
0.300027
0.231422
-0.253395
-0.466353
-0.607898
0.504379
-0.935118
0.811335
0.92761
0.593432
0.308573
-0.245277
0.453169
-0.18717
0.672658
0.365581
0.202918
-0.257912
-0.428449
0.940428
0.667348
-0.22953
-0.743217
0.468245
0.649831
-0.823969
-0.171484
-0.15537
0.87463
0.552904
0.20481
-0.785028
-0.792535
0.398175
-0.389996
-0.241371
0.552782
-0.328166
-0.85461
-0.772637
-0.511887
0.141942
0.00430311
-0.449934
0.700491
-0.673208
-0.105869
-0.183508
-0.71514
-0.151769
0.228126
0.952147
-0.0301828
0.00668355
-0.351299
-0.602771
-0.670278
-0.608203
0.446333
0.102329
0.0494095
0.341044
-0.565905
0.152318
-0.699026
-0.942442
-0.157079
-0.667898
0.296976
-0.798029
-0.20188
0.946348
-0.918577
-0.232276
-0.0591754
-0.794733
-0.377789
0.0556963
-0.243629
0.489853
-0.734001
-0.442305
-0.827692
0.807672
-0.380291
-0.436262
0.988159
0.75341
0.919675
0.303262
0.699698
0.285562
0.95172
0.435041
-0.719047
0.631642
0.584948
0.696646
-0.515061
-0.364666
0.980712
0.526902
-0.77337
-0.142735
0.540147
-0.526719
0.610706
-0.257729
0.652577
0.197058
0.166112
-0.834651
0.306986
0.888607
0.850154
-0.330485
0.629322
-0.094882
-0.615223
0.707083
-0.591662
0.444136
-0.512558
0.197424
0.671743
0.0638752
0.558336
0.713981
-0.62389
0.864437
0.388104
-0.387799
0.272317
-0.858882
-0.552904
0.411969
-0.990844
0.323527
-0.680837
-0.254494
0.538072
0.0113224
0.842463
-0.814631
0.880856
0.921384
0.519761
0.262978
-0.676748
0.556627
0.761284
-0.00875881
-0.902951
-0.589465
0.521104
-0.796319
-0.387555
0.51915
-0.108371
-0.977172
0.304056
0.172948
-0.783135
-0.230934
-0.847102
0.602039
0.288186
-0.375591
-0.0539262
0.445906
0.183935
-0.63805
-0.662221
-0.178869
-0.682791
0.454695
-0.226661
-0.200842
0.252052
0.875546
-0.661184
-0.893368
0.852229
-0.0987884
0.599719
-0.138707
0.324503
0.232704
-0.51091
-0.84521
-0.281106
0.744377
0.310648
0.296426
-0.551561
0.174841
-0.0841395
0.529038
-0.609119
-0.928648
-0.879086
-0.969726
0.135166
0.301126
0.423383
0.0117496
0.93469
-0.559496
0.0825526
0.727531
0.930296
-0.64275
-0.37431
-0.793878
-0.794916
0.294961
0.842402
-0.482467
0.234169
-0.225013
-0.670461
-0.612659
0.290689
-0.373028
0.650197
-0.0283517
-0.627735
0.460738
0.16715
0.604297
0.208899
0.892087
0.616199
0.329264
0.915525
-0.165075
0.478805
-0.969054
0.851497
-0.827326
-0.780877
-0.025483
0.250221
-0.879208
0.446028
0.568407
-0.820246
-0.407086
-0.936094
-0.837092
0.398968
-0.116062
-0.525864
0.695853
-0.330119
-0.0182196
0.889584
0.998047
0.0904263
-0.179296
0.825251
0.572497
0.00833155
-0.212012
0.826899
-0.342387
-0.919919
0.797906
-0.499252
-0.61095
0.0369579
-0.756462
0.906247
0.870724
0.720206
-0.85876
-0.625416
0.969359
-0.0514237
0.777947
0.815668
0.643727
-0.219703
0.175146
-0.424299
0.621693
-0.267922
0.682363
0.908322
0.237342
-0.482528
-0.988952
0.121006
0.240699
-0.132237
-0.976562
0.460555
-0.607105
-0.00332652
-0.413068
0.798273
-0.341288
-0.727226
-0.192236
-0.82049
-0.190832
-0.338969
-0.0437941
-0.701468
0.247291
0.496445
-0.604541
-0.038728
0.868526
0.152196
-0.17307
0.599536
0.768975
0.165136
-0.835444
0.898251
-0.386151
0.380474
0.350627
-0.401959
-0.521409
0.678335
0.425031
0.537156
0.975097
-0.154576
0.161596
0.99292
0.475204
-0.846736
-0.417341
0.387127
0.24546
-0.794
-0.334269
0.417585
0.303201
-0.379376
-0.446638
0.677053
-0.191443
0.100986
-0.420026
0.823542
0.804193
0.469649
-0.572863
-0.636341
0.114475
0.218909
-0.279214
0.112217
0.21836
-0.85638
0.381939
0.389325
0.906491
-0.381024
0.0437941
0.0187078
0.536363
0.0850551
-0.151891
-0.810358
0.697684
0.301004
-0.0674764
0.243995
-0.899655
-0.0689413
-0.0778527
-0.548204
0.497604
-0.974425
-0.262551
-0.162084
0.456282
-0.0414136
0.0309763
-0.878414
-0.211585
-0.615101
0.565416
-0.168004
0.454512
-0.220191
-0.15421
-0.338054
0.752129
-0.877438
0.318033
-0.877621
0.602344
0.287454
0.446272
0.56035
0.746391
0.704154
-0.0184637
-0.397565
0.664785
-0.149937
-0.265358
-0.913266
-0.968322
-0.862545
0.165197
0.54564
-0.483261
-0.242653
0.099704
-0.698599
-0.252419
-0.95703
-0.109226
0.23838
0.24424
0.915464
0.33079
0.312662
-0.860652
0.973815
-0.368694
0.862972
-0.504135
-0.207801
-0.217994
-0.215247
-0.965453
0.986389
0.600452
0.630116
-0.915281
-0.387432
0.786309
0.69573
0.569628
-0.539415
0.29136
-0.838069
-0.160253
0.804071
-0.680776
-0.65508
0.166234
-0.829829
0.265786
0.12479
-0.292886
0.691641
-0.08652
0.611438
-0.241737
0.602893
0.19303
-0.888058
0.102329
0.443464
0.822565
0.461104
-0.732109
0.530992
0.139378
0.776727
0.511155
-0.734123
-0.56505
-0.295083
-0.66747
-0.168676
-0.893368
-0.785333
-0.658437
-0.150914
-0.0617389
-0.993347
0.281228
0.556078
-0.178259
-0.402814
-0.97467
-0.937986
-0.766839
-0.859249
-0.638844
0.252541
-0.224769
-0.946471
-0.630665
-0.101962
-0.90228
0.499924
0.214393
-0.466353
0.510849
0.804498
-0.842647
0.669973
0.601123
-0.146886
0.604236
0.898679
-0.835688
-0.455733
0.00143437
-0.544481
0.767754
0.353435
0.391888
0.802728
0.252541
0.0740074
0.443587
-0.20719
-0.50853
0.795709
-0.236915
0.977844
-0.287698
-0.815729
0.307352
-0.374859
0.699881
0.124424
-0.295389
-0.997192
-0.809992
0.788141
-0.700735
-0.502976
-0.232398
-0.808344
0.730766
0.123936
0.580126
0.303446
-0.139378
-0.00119022
-0.818903
-0.235389
-0.140049
0.324625
0.814508
0.286233
0.268838
0.462447
0.452559
0.783807
-0.158544
0.646535
0.901364
-0.686758
-0.0111393
0.906613
0.28367
-0.129734
0.631642
0.759331
-0.785516
0.11478
-0.724723
-0.767998
0.979919
0.0842616
-0.879147
-0.218909
-0.967833
0.957579
-0.976684
-0.33311
-0.885434
-0.0678426
-0.890194
0.348918
0.326456
0.277322
0.870785
0.462142
0.443098
0.624989
-0.463851
-0.0612506
-0.198279
0.561998
-0.450728
0.836543
-0.933592
0.58562
0.951048
-0.563768
-0.815729
-0.515732
-0.513779
-0.827754
0.845882
-0.79284
0.245766
0.956603
-0.238624
0.284463
-0.344035
0.460372
-0.933409
-0.139561
-0.371746
0.915036
-0.830256
-0.596789
0.68157
0.995483
0.352153
0.15183
-0.150365
0.34727
0.435408
-0.635365
0.186377
0.321696
0.827998
-0.568957
-0.319132
0.479598
-0.737907
0.90875
0.39555
0.427717
0.535936
-0.450789
-0.360881
-0.450667
-0.429243
0.374432
-0.0124821
0.192114
0.0982391
0.86639
-0.035371
0.875118
-0.711722
0.332377
0.195837
-0.921506
-0.368572
-0.490707
0.84698
0.17716
0.386944
-0.532273
-0.839656
0.0813318
-0.0894498
-0.120273
0.90173
0.147557
-0.827021
-0.287149
0.529038
-0.0793786
-0.217017
0.411603
-0.102817
0.270791
0.826167
0.630421
0.30961
0.487655
-0.167028
0.579272
-0.269326
-0.106296
0.188452
-0.954222
-0.0293283
-0.460005
0.295145
-0.844966
-0.344646
0.546129
0.803278
-0.0696738
-0.206091
0.647267
-0.78106
-0.282632
-0.243385
-0.488998
0.204566
0.533921
0.475204
0.385968
0.882565
-0.591845
0.678579
0.644826
-0.544237
-0.232398
0.976073
0.784967
0.456893
0.941099
-0.399213
0.447859
0.938963
0.836909
0.625782
-0.979064
0.91998
-0.141026
0.465011
-0.61565
0.393841
-0.875912
-0.527573
0.363628
0.220496
-0.958007
0.451155
0.45323
-0.793146
-0.678518
0.884762
0.370952
0.692373
0.465133
0.704459
-0.992126
0.950316
-0.186071
0.403485
0.334574
0.718497
0.206214
-0.688223
-0.172948
0.171239
0.311625
0.843257
-0.0249947
0.644948
0.703726
0.528184
-0.565538
-0.569384
0.733146
-0.356426
-0.612781
0.944945
0.264382
0.253395
-0.330058
0.592578
-0.662038
0.471175
0.235572
0.632984
-0.178747
-0.241432
0.508957
0.363018
0.109714
-0.929136
0.199438
-0.0711386
0.941588
-0.337077
0.133396
0.0790735
-0.61156
-0.632435
0.668325
-0.828181
-0.915891
0.159825
0.251808
-0.251869
-0.246132
-0.182409
-0.312723
-0.0154729
0.107517
-0.506149
0.669546
0.336711
-0.842097
0.0103458
0.152196
0.687185
0.0278634
0.687185
-0.890683
0.309549
-0.692251
-0.480209
-0.744987
-0.0385449
0.0265206
0.516037
0.281472
0.418928
-0.701651
-0.993896
-0.820612
0.764763
0.707816
0.73748
0.203833
0.743339
0.495529
-0.432661
-0.954527
0.494186
-0.392804
-0.434309
-0.22721
-0.0231025
0.66863
0.340617
0.105564
-0.599536
-0.0513016
-0.601123
-0.416913
0.968261
-0.626637
0.354167
0.189428
-0.747673
0.652944
0.795526
-0.00180059
0.509568
0.584765
0.628407
-0.600574
0.250404
-0.405194
0.701041
0.47087
-0.624378
0.579638
0.52794
-0.943907
0.191015
0.111484
0.924436
0.11301
0.613269
-0.930296
0.362896
-0.106845
-0.119297
0.760063
0.864864
-0.483444
0.0797449
-0.41551
0.240455
-0.496994
0.800165
0.325236
0.488021
-0.176672
-0.767754
-0.89642
-0.833491
-0.967956
-0.982177
0.0776696
-0.447127
-0.954527
0.16715
0.940306
0.397259
-0.874081
-0.645131
-0.718986
-0.911924
-0.363994
0.908444
0.873531
-0.959471
-0.875179
-0.201636
-0.0494095
-0.881161
-0.691336
0.947264
0.531358
-0.0922575
-0.491134
0.165746
0.860347
0.643056
-0.891293
-0.968993
0.0234077
-0.384869
-0.406659
-0.98114
0.801325
-0.142003
0.732963
-0.797845
-0.176
0.935423
0.474166
0.828181
-0.911008
0.637379
-0.900021
-0.912656
-0.0954314
-0.600574
-0.777154
-0.613697
-0.678335
-0.742973
0.170934
0.436567
0.116794
0.147557
0.332377
-0.527207
0.387616
-0.627796
0.0190741
-0.0878628
-0.174902
-0.968627
0.411908
0.767632
0.723319
-0.756096
-0.849116
0.127781
0.790033
-0.0346995
0.132481
0.0154729
-0.17893
-0.784845
0.0758995
0.937803
-0.699759
0.52794
-0.577807
-0.560045
0.987121
-0.561937
0.127171
0.97589
-0.443892
-0.186193
-0.0884121
-0.592761
-0.651051
-0.149937
-0.468673
-0.555589
0.302164
0.534898
0.628895
-0.659352
-0.886349
0.400494
0.729545
0.153478
0.709769
-0.627918
0.94525
0.884274
0.0753502
-0.472823
0.94702
-0.190222
-0.489853
-0.423078
0.770196
-0.682791
-0.626942
0.883236
0.0138249
0.555895
-0.62273
-0.176916
-0.00302133
-0.782281
0.498764
0.313272
-0.564867
0.75927
0.560533
-0.692251
-0.802179
0.377239
-0.445112
-0.919919
0.711478
0.0511185
-0.232643
-0.896481
-0.430952
-0.0357982
0.762444
-0.65862
0.908994
0.615894
0.296548
-0.24015
0.126682
0.938536
-0.781671
-0.123875
-0.520188
0.72985
-0.579516
-0.845698
0.151585
0.715262
0.903989
0.0611286
0.332499
0.550462
-0.981445
0.594653
0.884945
0.0789514
-0.0578936
0.0978118
-0.848079
0.155309
-0.540574
-0.830073
0.473251
0.347636
-0.894528
-0.511582
-0.0297555
-0.168737
0.734062
0.352519
0.164037
0.786737
-0.425703
-0.237037
0.986694
0.613453
0.83874
0.849116
-0.249184
0.273232
-0.0561235
-0.54442
-0.362102
-0.925657
-0.592639
-0.297342
0.268715
-0.790033
0.482711
-0.669057
0.918638
0.362957
0.595019
-0.355937
-0.0605182
-0.31077
0.640248
-0.138707
0.951659
-0.506577
-0.790033
0.69335
-0.632923
-0.0927458
-0.19541
0.952513
-0.191809
0.884945
0.0971404
0.0113224
-0.017304
0.827876
-0.689566
-0.0791955
-0.421552
0.149876
0.770379
0.00149541
-0.259621
-0.903012
-0.303262
-0.280435
-0.30839
0.133457
-0.704276
0.661122
0.0621052
0.206458
-0.785272
-0.584399
-0.513718
-0.797418
-0.576037
0.183142
0.0332347
-0.0919523
-0.414472
0.91583
0.0309153
-0.214942
0.973632
-0.192419
-0.152257
-0.12241
-0.991943
-0.0562456
-0.806269
-0.841731
-0.536546
0.923215
-0.496506
-0.37083
0.416791
-0.73394
-0.0362865
0.488937
0.995666
0.418867
0.747795
0.679006
0.989746
0.169469
0.0201727
0.121311
0.388348
0.285379
0.272378
0.959532
0.905942
0.186682
0.553636
-0.883053
0.55858
-0.533128
0.15891
-0.516526
-0.646413
-0.92645
0.335795
-0.956481
-0.844844
-0.0375683
-0.425825
-0.741874
-0.212195
-0.96466
-0.960021
0.0137638
0.441328
-0.822504
-0.284219
0.449141
0.438215
-0.796686
-0.188513
0.97467
0.427656
0.525925
0.00680563
-0.205481
0.0669881
0.361309
-0.912168
0.246437
-0.745231
0.280679
-0.458357
0.269082
0.976501
-0.0777306
-0.330912
0.311869
0.826411
0.676321
-0.218909
0.998169
-0.732658
-0.845088
-0.961852
0.854976
-0.308145
-0.740104
0.497848
-0.578356
0.345988
0.66039
0.93115
0.0502029
-0.820917
0.493088
0.971435
-0.291421
-0.317545
0.0983001
0.157567
0.101718
0.777581
-0.397015
0.434004
-0.579638
0.818659
0.164037
0.670827
-0.967895
0.770623
0.6845
-0.234718
0.425703
0.625416
0.814692
0.888424
0.721976
0.11887
-0.948729
0.438154
0.0638752
-0.18894
-0.253945
0.262307
-0.801935
-0.407453
-0.162267
0.713614
0.559496
0.678762
-0.8811
-0.900998
-0.826594
0.154759
0.850337
-0.913572
0.686026
0.134373
0.535691
-0.36961
0.83581
0.593799
-0.330973
0.980468
-0.319926
-0.0555132
0.267067
0.333415
0.886776
0.406354
0.99939
0.693472
-0.594409
0.244179
0.728568
-0.499191
-0.169103
-0.0698569
0.273354
0.593188
0.767754
0.294473
0.206824
0.0613117
-0.485092
-0.273293
-0.498337
-0.438032
0.376873
0.490585
0.836604
-0.350078
0.916623
-0.785638
-0.625355
0.692557
-0.537156
-0.380352
0.827082
-0.071688
0.183813
0.550951
-0.385662
0.23307
-0.960997
-0.631642
0.938353
-0.845027
0.923765
-0.233497
-0.424238
-0.217505
-0.683889
0.0809656
-0.791864
0.00582904
0.741813
-0.853755
-0.901486
-0.263955
-0.633473
-0.233253
-0.0714438
0.644032
0.0308542
0.863399
-0.391522
-0.0196844
-0.96173
0.35844
0.872066
-0.959166
-0.989929
-0.138279
-0.530931
-0.161351
-0.881039
-0.780572
0.768548
0.545701
-0.985839
-0.0110782
-0.416669
-0.733512
-0.249794
-0.098056
-0.968261
0.706412
0.0323801
-0.621326
-0.755058
-0.703299
-0.908933
0.154759
-0.264138
-0.66039
0.497543
-0.915891
0.240089
-0.265114
0.232948
-0.819208
-0.158055
-0.148839
-0.674917
0.960326
-0.801202
0.104465
0.362835
0.145421
-0.325358
-0.193884
0.202368
0.797113
0.196997
-0.157506
0.17777
-0.0661946
-0.351299
0.749565
0.127354
0.701895
-0.392621
-0.255593
-0.450911
0.15891
-0.754631
-0.723685
0.197913
0.73278
-0.798456
0.65978
-0.563952
-0.580737
0.239357
-0.648122
0.650807
-0.219275
-0.498764
-0.562731
0.0502029
0.807001
0.174841
-0.117832
0.150853
-0.296854
-0.619922
0.120334
-0.730705
0.665212
0.0926847
-0.465865
-0.670156
0.706229
-0.0851161
0.392132
-0.698538
0.596179
0.506394
0.806269
0.575793
-0.0224311
0.487655
-0.728874
-0.400739
0.718986
-0.371014
-0.651784
0.071688
-0.430403
-0.863338
0.0563066
0.0235298
0.177282
-0.150365
0.532029
0.0848109
-0.468062
-0.841548
0.522446
0.257729
0.897458
0.459944
-0.728324
-0.494247
0.294412
-0.0410474
0.365398
-0.528123
0.595935
0.630726
-0.906186
0.637623
0.2996
0.155431
-0.10239
0.236671
-0.962767
0.638478
0.45793
0.234657
0.885983
0.927915
-0.00674459
0.68749
-0.458052
-0.657949
0.32664
0.791742
0.420576
-0.379498
-0.716422
0.938414
-0.255715
-0.0908536
0.986084
0.083224
-0.318216
-0.406476
0.602161
-0.253761
-0.400006
-0.207373
0.116184
0.952208
0.492233
0.324564
0.680349
-0.574999
0.644276
0.957701
0.111057
-0.650807
-0.398602
-0.239967
-0.90759
-0.9906
0.499191
0.357768
0.649159
0.621754
-0.181249
0.917173
0.451216
-0.33079
0.632069
0.661489
0.513657
0.0529496
0.396344
0.735221
-0.14713
0.373211
-0.637074
-0.770989
0.662832
-0.349162
0.66155
-0.822993
-0.427168
-0.19657
0.12241
-0.660939
0.55034
-0.812616
0.900082
0.58092
-0.989502
0.519089
0.959532
-0.335307
-0.304544
-0.512497
0.488754
-0.738273
-0.114902
-0.629444
-0.700552
0.000579852
0.503403
-0.0318308
-0.721793
-0.637135
0.680654
0.163732
-0.0484939
-0.760796
0.335856
0.427473
0.225867
0.957701
0.341288
0.573595
0.366863
-0.402448
0.830988
-0.91644
-0.721549
0.4008
-0.783258
-0.691214
-0.853877
-0.906491
0.473861
0.864132
0.505234
0.930174
-0.742302
-0.474471
-0.202246
0.272805
0.416791
-0.0553911
0.480453
-0.481857
-0.539171
0.491379
-0.25486
-0.815058
-0.45024
0.538377
-0.0837733
-0.0265206
0.564257
-0.500412
0.585009
0.610584
0.820612
-0.065157
0.545763
0.292459
0.992981
0.0333567
-0.405255
-0.462752
0.805109
-0.210974
-0.744621
0.260781
0.0538652
0.179357
0.490768
0.886654
0.527696
-0.339457
-0.531846
-0.694998
0.381512
-0.707877
-0.564257
-0.509384
-0.468307
0.802423
-0.223914
0.594104
-0.367107
0.9082
0.296915
0.318094
-0.800653
0.200598
-0.176611
-0.608936
-0.566759
-0.0899991
-0.846553
0.951537
-0.677541
0.862545
-0.561083
-0.345561
-0.42906
-0.0600299
0.0547197
0.313456
-0.0774255
0.356609
-0.980773
0.88995
-0.556871
-0.935484
0.0277413
-0.357036
0.321146
-0.39903
-0.838618
-0.748283
0.750847
-0.311502
-0.664907
-0.277444
-0.539964
-0.0972625
-0.454451
0.894528
-0.555589
0.718558
0.982971
0.35435
-0.528123
0.247108
-0.931944
-0.425398
0.918821
-0.022187
-0.521592
0.0868252
0.500351
0.836055
-0.775872
0.501877
0.458663
0.869747
0.838008
0.191382
0.770135
0.877865
0.740654
0.440901
0.934202
-0.707877
-0.15537
0.888913
-0.0922575
0.625904
-0.541185
0.0628986
-0.254311
0.801263
0.556261
-0.173742
-0.488388
-0.332133
-0.532456
0.547166
-0.980285
0.0257881
0.0631428
0.802973
0.972411
-0.535447
-0.514451
0.432417
-0.946348
0.331156
-0.504196
0.747612
0.543199
0.139378
0.494675
0.718863
-0.988586
-0.266701
0.282998
0.944578
-0.339885
-0.483077
0.622303
0.219092
0.868892
-0.937132
-0.340861
0.510422
0.512375
0.412397
-0.725455
-0.839656
0.608692
0.379376
-0.577441
0.120579
0.862667
0.170507
0.518967
-0.964476
0.666066
-0.365093
-0.0567949
-0.014008
0.117466
0.454512
-0.282998
0.705069
-0.376141
-0.411298
-0.579882
0.0794397
0.647389
-0.714652
-0.592517
0.748344
-0.841914
0.970824
0.389691
0.612293
0.357524
-0.669179
0.438826
0.065157
0.233009
-0.103671
-0.516892
0.760918
0.507614
0.444441
0.352031
0.727775
0.546373
-0.470565
0.434553
-0.356609
0.782464
0.454451
-0.986389
-0.91821
-0.774957
-0.00259407
0.338664
-0.453963
-0.387799
0.203162
-0.501511
-0.90173
0.770257
0.554735
-0.841487
-0.600024
-0.257179
0.83581
0.222449
-0.0250557
0.252541
-0.00283822
0.483444
0.507553
-0.943907
-0.660329
0.325175
-0.0119327
-0.24247
-0.674184
-0.463301
0.519089
0.640187
0.333171
0.303018
0.593677
0.0810266
0.661122
0.433576
-0.340739
0.109775
0.10477
-0.108005
0.77929
-0.325663
0.407025
0.688833
-0.795953
0.176672
0.902341
-0.799799
-0.334391
0.839656
0.664846
0.974853
0.206763
0.469649
-0.528123
-0.908872
-0.642079
-0.824946
0.897641
0.129124
0.474837
0.605274
-0.153111
0.816095
0.0477004
0.270486
-0.15598
-0.587634
-0.203345
0.507797
0.387188
0.89697
-0.635975
-0.347636
-0.317667
0.0162664
-0.582385
-0.0202948
-0.931944
-0.740593
-0.0245064
-0.0207831
0.444685
-0.17893
-0.232826
-0.477889
-0.980651
0.615467
-0.55858
-0.512986
0.680898
-0.596423
0.435102
0.404706
0.314615
-0.903806
0.313639
-0.31547
0.372784
-0.704886
0.397992
-0.0137028
0.00991852
0.134983
0.487899
0.298379
0.098056
0.488937
0.4962
0.285379
0.433088
-0.400433
-0.194494
-0.531419
0.444563
0.198401
0.16007
-0.20011
-0.2772
0.175756
0.905087
-0.806207
-0.325968
0.86462
0.386517
0.578051
0.617603
0.999573
0.323588
0.0267037
-0.363567
0.414289
0.965819
0.538194
-0.505173
0.540208
-0.151524
-0.980834
-0.0660115
-0.232521
-0.0421461
-0.96057
-0.340068
0.733085
0.119053
0.917661
0.335002
-0.404401
-0.580981
-0.297952
0.885434
0.362468
0.477767
0.608448
-0.561815
0.32902
-0.621448
0.47734
-0.800348
-0.305643
-0.927915
0.813227
-0.41319
-0.585131
0.0650349
0.968444
0.926511
0.359111
-0.793878
-0.966002
0.0323191
-0.174902
0.383221
-0.999817
0.973815
0.484542
-0.0580767
-0.25132
0.348857
-0.185949
0.64037
0.439863
-0.627186
-0.921628
0.951048
-0.14359
0.0969573
-0.0737632
-0.477096
0.26719
0.0672323
-0.338298
-0.383587
-0.627369
0.738029
-0.745537
-0.676931
0.894833
-0.0481887
-0.849178
0.383648
-0.625416
-0.202063
0.947447
-0.584765
-0.261574
0.162267
-0.00888089
0.362529
-0.803339
-0.718497
0.967406
-0.017304
0.0373241
-0.386578
-0.461104
-0.821039
0.875729
0.336283
0.098178
-0.00595111
0.924619
0.789056
0.694998
-0.923948
0.846065
0.166662
-0.79693
-0.570055
0.74749
-0.219642
-0.212928
-0.733879
0.88525
-0.801996
-0.267434
-0.240394
-0.36259
0.575365
-0.297403
0.531785
0.309
0.49089
-0.518174
0.667226
-0.669179
-0.402142
0.271828
0.0779748
-0.583239
-0.595386
-0.400861
-0.971374
0.239174
0.496567
-0.099765
0.63329
0.187109
-0.488083
0.843257
0.138035
-0.230934
-0.816034
0.451765
-0.198584
0.22251
0.762505
-0.908872
-0.815729
-0.106967
-0.874264
-0.618824
-0.336955
-0.0546587
-0.102573
0.0963469
0.97766
-0.0306101
0.879391
-0.882626
0.627186
-0.957335
-0.886837
-0.50383
-0.0739463
0.812922
-0.116428
-0.304178
-0.467452
0.161901
0.975524
0.0698569
0.262307
0.0148625
0.497299
0.641469
-0.00021363
-0.144139
-0.416486
0.246376
0.519944
0.513535
0.288491
0.101596
-0.967833
0.778253
-0.0159612
-0.137974
0.260109
0.41435
0.573656
-0.771477
-0.132115
-0.871151
-0.164586
-0.831477
-0.951842
0.0603351
-0.793512
-0.187231
-0.918882
-0.650929
-0.678518
-0.909421
-0.319803
0.352458
-0.382855
-0.834651
-0.0660115
0.0668661
-0.684072
0.733879
-0.340495
0.319681
0.10123
0.250954
-0.0223701
-0.707572
-0.203833
0.142796
0.923399
-0.0603961
-0.641041
-0.929441
0.904355
0.863338
0.50737
0.308206
-0.180822
0.208533
0.284097
-0.705496
0.648671
0.139683
-0.123386
0.425398
-0.668386
0.46202
0.00302133
0.144993
-0.260781
0.949889
0.177038
0.401776
-0.441328
0.944823
0.164037
-0.470931
-0.099826
-0.214576
0.941649
0.614795
0.438581
0.631642
-0.524033
0.421369
0.90289
-0.753471
0.627552
0.919553
0.726066
0.297098
0.497726
0.497055
-0.332865
0.737419
0.530015
0.906796
-0.780938
0.836238
0.676992
-0.985534
-0.3867
0.411542
0.946593
-0.589282
0.235511
0.834773
-0.360515
0.948119
0.263283
0.366924
-0.409162
-0.733207
-0.660573
-0.610645
0.727958
0.371197
-0.907529
-0.908567
0.256996
-0.680654
-0.682119
0.178014
0.791253
-0.911252
-0.368694
-0.84167
-0.266701
-0.320231
0.407453
0.780328
0.223426
0.520371
-0.183569
0.171178
0.966857
0.233863
0.770501
-0.75219
-0.747368
0.832759
0.592822
0.95941
0.476791
0.400128
-0.777886
-0.0757775
0.480575
-0.677175
0.764885
-0.976318
0.0192572
0.137242
0.206763
0.515915
-0.328959
0.0506302
0.0982391
-0.768914
0.500778
0.20188
-0.975829
0.411969
0.789361
0.721732
0.671438
-0.23954
0.142613
-0.34312
-0.693289
0.254738
-0.708792
0.820246
0.477096
-0.702322
0.894833
0.62859
