 0.0276704
 -0.415007
 2.54387
 -5.50431
 -0.181218
 -0.251876
 1.71705
 1.21059
 2.16203
 -5.09702
 0.426142
 -1.80895
 3.86387
 -1.96651
 -1.93042
 -0.194536
 3.72093
 1.30102
 0.355479
 -1.59347
 -1.47318
 2.47414
 -0.904658
 2.75107
 -1.39997
 -1.70875
 1.45587
 -4.10714
 0.83638
 -0.846153
 4.2172
 -0.707195
 -1.68734
 -2.39978
 5.3648
 -4.54842
 1.28162
 0.703916
 1.11472
 1.42914
 0.151189
 0.419099
 0.286947
 -4.06565
 5.10484
 -5.30994
 0.353445
 -0.249697
 0.341729
 1.09983
 0.97882
 -4.6584
 3.83691
 -1.90053
 2.864
 -2.66143
 0.770409
 -0.694951
 2.92403
 1.1836
 -1.94157
 -2.3241
 -0.889021
 0.53757
 -0.617687
 3.73039
 -0.897792
 1.17381
 0.299894
 -1.99189
 3.47645
 -4.96238
 5.54456
 -5.17829
 -0.850195
 2.93402
 -1.24805
 2.19177
 -1.63158
 -1.9445
 2.83002
 -1.86517
 -0.638416
 -2.18332
 0.115484
 0.58452
 0.172884
 -2.36302
 5.19618
 -0.0372895
 -1.37575
 1.42258
 1.4141
 -2.71694
 -1.47627
 2.83269
 2.02535
 0.144938
 -0.293185
 1.02627
 -0.175429
 -2.04156
 4.43236
 -1.22502
 1.23657
 -1.14261
 -0.298712
 -0.550175
 -0.53332
 4.03838
 -5.11201
 0.315316
 -1.49485
 0.945304
 3.1656
 -1.35851
 1.71488
 -1.33505
 2.82559
 -4.4844
 4.09815
 0.411674
 -0.248245
 -4.76155
 0.547996
 2.44779
 2.16577
 -0.99981
 -2.97063
 1.31556
 1.87414
 -2.20438
 3.00099
 -4.82351
 0.699826
 3.45796
 -3.08051
 -0.304432
 -2.18989
 2.64773
 2.91033
 -2.34161
 -3.31348
 2.17043
 -0.700801
 -0.56858
 4.10493
 -1.96866
 2.17383
 -2.68864
 0.212155
 -1.49822
 -0.808149
 -1.23971
 2.74391
 -0.241736
 -1.45229
 -0.549171
 -0.863357
 -0.414767
 -1.76332
 4.53905
 -0.286566
 1.16782
 -2.90828
 -2.58984
 1.50976
 3.33102
 -4.7828
 1.02247
 1.06875
 2.12317
 -3.20578
 -0.716176
 0.835443
 -0.946583
 2.96387
 1.63571
 -3.10701
 -0.74628
 0.379926
 2.8642
 -5.0206
 3.30454
 1.7742
 -2.70973
 -2.49297
 -0.095323
 4.45629
 -4.40415
 3.00265
 1.22958
 -0.0434475
 -1.44788
 2.18877
 -1.28965
 -1.94727
 2.78474
 1.42978
 -3.55224
 3.50371
 -2.88496
 0.55916
 1.63676
 0.109281
 -1.60957
 2.92275
 -5.21013
 5.5215
 -3.57869
 2.56648
 1.19575
 -2.38419
 0.35927
 0.00696779
 2.19951
 -4.17493
 2.27992
 -0.210016
 3.09189
 -0.112547
 0.351727
 1.18397
 0.421393
 -1.16559
 -4.22639
 4.47517
 -1.37691
 3.99501
 -4.44274
 1.29831
 -3.18826
 2.50362
 1.40506
 -2.38508
 2.49984
 -1.56716
 2.70317
 -3.82566
 3.03195
 -3.71068
 3.79358
 0.474419
 -4.45085
 0.603276
 1.59501
 0.123481
 2.60703
 0.028138
 1.16675
 -2.5738
 -1.89015
 3.80993
 -1.05985
 -2.41698
 2.18933
 -3.23249
 3.94868
 1.49494
 0.0894068
 -4.53986
 1.48688
 -0.838783
 4.46459
 -3.27173
 3.01783
 0.460925
 -4.07429
 3.95101
 -1.62166
 1.9599
 -0.768268
 -0.578939
 2.17626
 0.543218
 -4.97082
 4.49226
 -2.44506
 -1.71993
 3.72202
 -2.20473
 -1.80425
 2.94086
 -1.84296
 2.75702
 0.115064
 -0.664934
 -2.48043
 -0.581377
 1.9397
 -2.98905
 -0.0816341
 2.80337
 2.41583
 -5.28074
 4.78644
 -4.90386
 4.01821
 0.605901
 -4.2248
 5.54917
 -0.235265
 0.555356
 -4.60407
 -0.755865
 5.41527
 -2.55997
 3.0757
 -3.42326
 3.48117
 -0.775169
 -0.787961
 -0.516652
 1.75896
 -3.49648
 4.21357
 -4.17053
 3.67275
 -0.186258
 -1.77057
 1.04065
 2.04657
 -4.78691
 5.58203
 -5.82813
 1.03144
 -1.40419
 1.85589
 -2.22733
 3.16817
 -4.68915
 -0.0588711
 2.39799
 -1.90033
 -0.991471
 0.566419
 2.85723
 -2.43816
 -1.63916
 1.00499
 -0.46077
 -0.447074
 3.97381
 -3.90727
 1.6817
 -0.0824252
 -1.79355
 1.30912
 0.336669
 -1.17994
 0.599711
 1.01906
 -0.900368
 0.687107
 2.12352
 1.19973
 -5.7438
 5.39365
 -3.30977
 1.77179
 -0.629541
 -0.861432
 1.73906
 -1.75286
 1.65782
 -0.168075
 1.55886
 -3.31976
 -0.696757
 1.77268
 -0.0158633
 1.28217
 1.35257
 -3.10707
 2.77396
 1.11321
 -1.80139
 -0.281543
 1.78825
 2.06036
 -5.25535
 5.18877
 0.143175
 -4.54974
 2.63487
 1.24953
 -2.70346
 -0.0129604
 2.05005
 -3.54361
 2.94118
 2.12116
 -5.70209
 0.547707
 0.852251
 4.03278
 -0.440143
 -0.370597
 0.817872
 -1.49804
 -2.41893
 1.64969
 -1.42112
 4.30982
 -4.50013
 0.478717
 0.138774
 1.23955
 2.18023
 0.628054
 -4.39483
 2.92172
 -2.03977
 -0.0555644
 0.270497
 1.04389
 2.50068
 -5.95711
 3.90407
 0.340039
 -1.30545
 0.25202
 0.307399
 -1.5565
 3.41362
 -2.36714
 2.09849
 -3.06845
 2.68873
 1.03654
 -4.87318
 3.73186
 -3.72095
 5.73756
 -3.68771
 1.398
 2.18356
 -2.57697
 -0.00258775
 -0.903915
 3.59156
 -2.3073
 -1.2501
 0.372417
 2.19868
 -2.78463
 3.90506
 -4.69718
 2.56609
 -1.16691
 -1.00722
 2.85329
 -2.07679
 3.62462
 -3.60328
 1.04453
 1.15564
 -1.97925
 -1.42302
 5.06201
 -2.73989
 0.856456
 -3.84189
 2.51475
 -1.53523
 1.35066
 1.06159
 -3.75019
 0.490328
 3.41364
 -1.35691
 2.07604
 -1.94141
 1.53802
 -4.49273
 4.85685
 -0.541438
 0.475706
 -4.38666
 2.82464
 -0.497307
 -0.863989
 -1.6035
 1.64066
 -0.449519
 3.60612
 -1.80965
 -1.46929
 4.03121
 -5.93463
 4.68691
 -1.81189
 2.64401
 -0.826212
 -3.10173
 3.32752
 1.80077
 -3.19473
 0.113697
 -0.554545
 0.235917
 1.1018
 1.49874
 -2.77383
 -0.610068
 2.36473
 -0.660814
 3.08548
 0.0386068
 -4.93162
 1.30638
 3.26202
 -0.588221
 -1.22339
 -1.65369
 2.17113
 -2.01851
 -1.65322
 5.25012
 -4.90706
 1.69806
 0.189361
 -1.50664
 3.30787
 -3.89792
 4.04522
 -1.17618
 0.583616
 -1.96782
 2.7174
 0.778018
 -4.95628
 5.75807
 -2.05061
 0.259703
 2.48994
 -2.63263
 2.68826
 -1.65617
 3.25766
 -0.86043
 -3.29218
 -0.310968
 3.76621
 -1.97439
 -2.28784
 -0.991201
 4.40529
 -4.4302
 3.77413
 -3.49473
 -0.345796
 1.49042
 2.40821
 -1.65213
 2.36786
 -4.38718
 1.81784
 -1.66485
 0.178757
 -1.19404
 -0.762537
 -0.941179
 0.769638
 0.468889
 2.57709
 -2.36802
 -1.9154
 1.25378
 -1.95978
 2.96417
 -2.15227
 -1.27552
 0.62292
 0.755777
 -1.97346
 2.69255
 2.12831
 0.221978
 -0.690941
 0.595114
 -4.18015
 5.10064
 -0.27526
 1.40255
 -1.73067
 2.42573
 -1.21378
 -0.447138
 -3.45517
 5.66499
 -4.85705
 1.96172
 -2.36392
 3.95434
 -4.54107
 0.858972
 4.55775
 -3.83655
 -0.210232
 1.85639
 1.77186
 -4.77282
 0.22161
 0.376521
 -1.34821
 0.626894
 4.48965
 -1.26098
 1.45974
 -4.80573
 3.79089
 -2.8088
 3.00145
 -2.60373
 3.13514
 -3.96025
 5.12271
 -1.37017
 0.851763
 -0.162155
 1.01146
 0.962716
 -0.679091
 0.616333
 -3.37882
 1.7651
 -2.77869
 5.20949
 -0.441749
 -2.10124
 -0.500112
 0.723153
 1.54548
 -2.95688
 1.49287
 -2.92935
 3.24911
 2.54086
 -3.93222
 2.04577
 -0.664482
 0.857878
 0.0322602
 0.703552
 -1.85579
 0.390455
 1.9745
 -2.30847
 -1.44706
 -1.39762
 2.30035
 -0.318243
 -1.45715
 3.12237
 -1.23481
 -0.603377
 1.81888
 -1.50437
 -0.839345
 4.04709
 0.119983
 -3.74969
 4.62593
 -3.15155
 3.44547
 -1.32957
 0.905028
 -4.08256
 5.72149
 -4.90351
 2.11559
 1.74431
 -0.813256
 -3.87751
 5.49586
 -5.64944
 2.92314
 -1.64004
 2.70393
 0.220716
 -4.81098
 2.53986
 -2.01524
 1.98231
 -1.9106
 -0.958613
 3.07671
 -3.09023
 4.87102
 -5.73569
 5.12906
 -5.83335
 5.16983
 -1.92409
 -2.04862
 5.1472
 -0.981386
 -1.99583
 -2.64328
 0.993502
 1.76304
 -3.69954
 4.69121
 -4.233
 1.09674
 3.57093
 -5.26266
 2.31648
 1.14896
 -1.81418
 1.17598
 -1.13673
 3.17996
 -0.985212
 1.67771
 -2.25826
 3.48747
 -4.37682
 -1.09404
 1.14792
 -0.385294
 -2.06458
 0.130642
 3.6068
 0.0833255
 -3.94759
 -0.626065
 3.88854
 -2.1823
 1.91757
 -2.921
 -1.61209
 0.148043
 2.17453
 2.0719
 -3.15932
 0.158633
 1.48234
 -0.0738756
 -3.51555
 -0.807188
 0.864919
 3.92237
 0.558529
 -4.14548
 -1.53193
 2.62935
 -1.63031
 0.779448
 -0.284372
 2.22192
 -0.770917
 -0.729559
 -2.34661
 2.29293
 1.34175
 -2.24006
 2.15728
 -4.15684
 5.44287
 -5.69134
 5.78956
 0.00762957
 -2.35053
 2.62528
 -3.13934
 0.632408
 0.228036
 2.72107
 -5.00864
 2.25712
 3.26851
 -4.58628
 4.65182
 -1.68246
 -1.35893
 -0.770329
 3.16958
 1.4048
 -2.11327
 -0.83234
 0.269136
 -2.36306
 1.36999
 -2.37516
 4.23047
 -0.666192
 0.0357948
 -0.879519
 0.515932
 1.35724
 -0.580265
 -1.06793
 -2.6256
 0.688539
 -1.04692
 0.587261
 -1.58544
 1.30433
 -2.71887
 1.03844
 -0.28985
 -0.382271
 1.11727
 2.21726
 -1.68292
 1.72863
 -3.13082
 0.775623
 1.45294
 0.409468
 -2.72446
 3.23115
 -4.75467
 3.43325
 -1.58488
 -0.0502882
 -1.31495
 0.181716
 -0.790935
 1.80603
 0.424016
 -0.856635
 -3.65154
 4.99625
 0.787143
 0.204037
 0.883513
 -4.03472
 5.22511
 -1.18529
 -3.67969
 0.298324
 4.50462
 -2.65068
 1.6011
 -0.405211
 1.74007
 0.188861
 0.713636
 -3.76013
 2.05115
 1.18817
 -3.45838
 -0.910103
 2.20049
 2.51058
 -4.42675
 3.35102
 -2.32981
 0.286411
 -2.09135
 1.38389
 -1.90489
 0.116478
 -1.40541
 2.82011
 -4.47663
 1.76147
 3.01669
 -1.50324
 -1.39155
 2.49876
 -1.39627
 -0.963252
 -1.13443
 -1.06269
 -0.917723
 5.67655
 -3.50614
 1.98691
 -0.360869
 -1.67989
 2.42238
 -4.65854
 1.0122
 4.5238
 -4.11088
 1.80878
 -0.0237988
 -1.48697
 -0.506571
 3.19188
 -3.54776
 -1.37782
 2.1907
 1.82253
 -3.44599
 3.72744
 0.341887
 -0.727593
 0.143167
 -0.918053
 2.1023
 -0.287428
 -2.25761
 -1.55277
 2.48723
 0.742448
 -0.301081
 -1.61707
 -0.257702
 -0.402587
 -1.562
 1.07889
 2.18314
 1.76078
 -4.30554
 4.41426
 -4.59214
 3.97573
 -4.85718
 2.41316
 -0.864872
 -2.16689
 1.1148
 -0.831356
 1.10227
 -0.740993
 -0.374808
 3.46299
 -1.59967
 1.35825
 -2.2891
 0.983108
 -2.21373
 -0.530135
 -0.23
 3.05712
 -0.101464
 -0.410249
 1.67248
 0.618075
 -4.99697
 5.46218
 -1.64414
 -3.12398
 1.57176
 1.20444
 -1.26944
 -0.211509
 0.0731785
 0.539068
 1.26185
 -4.12404
 -0.668761
 1.47682
 -1.07248
 4.5631
 -0.81109
 -3.61722
 -1.05238
 2.25891
 -2.22048
 -0.44787
 -1.51063
 0.166056
 4.06343
 -0.874986
 -1.00398
 -0.379001
 0.913333
 1.5301
 -5.07014
 5.7935
 -4.42248
 3.96269
 -1.38589
 -2.54531
 3.02963
 0.318873
 -1.31271
 1.73946
 -4.52116
 0.0772498
 5.2668
 -5.6293
 2.82435
 -2.04565
 3.61854
 -1.17387
 -2.99173
 3.65207
 -2.69478
 2.70662
 -4.0434
 3.33305
 -1.21088
 1.16182
 -3.49285
 0.835553
 -1.71168
 2.60168
 0.745572
 2.163
 -2.70091
 0.954342
 0.751843
 -1.12277
 -3.32595
 2.69924
 -3.09768
 4.6774
 -2.17875
 3.45832
 -0.701331
 0.0156609
 0.327904
 -1.96057
 1.26591
 0.374248
 1.85814
 0.418097
 -0.186708
 -1.87243
 2.15957
 -2.01611
 -0.396291
 -1.54679
 4.58014
 0.518329
 -0.282471
 -0.213494
 -3.79921
 -0.403522
 1.64503
 -0.173704
 2.90294
 -0.182545
 0.209552
 -0.932022
 2.75755
 -3.75218
 -1.54436
 4.39279
 -1.45102
 -1.23188
 1.95554
 -2.27687
 4.00788
 -1.51152
 -3.60233
 0.628241
 0.844363
 -0.742347
 2.49259
 -4.06219
 1.88309
 -1.34695
 2.64376
 1.77905
 -5.65484
 1.02618
 4.54149
 -4.50015
 1.3469
 1.77565
 -0.0170803
 1.06751
 -3.08667
 2.23617
 1.38464
 1.43465
 -4.30669
 1.01182
 2.26856
 -1.57023
 1.53197
 1.28562
 -0.59671
 -3.21176
 0.590228
 3.2179
 -2.38862
 3.83978
 -3.85247
 -1.9889
 -0.543808
 3.31919
 1.47901
 1.01312
 -2.9019
 -0.980976
 0.118005
 2.40266
 1.8239
 -4.71603
 2.00025
 1.86988
 -0.671616
 -4.01738
 3.47042
 0.601916
 -0.196616
 -0.672755
 -0.0353797
 1.69516
 -3.03041
 -0.457291
 -1.01388
 2.56793
 -1.11097
 0.440871
 0.646256
 -3.43774
 5.39103
 -4.85811
 4.45035
 -1.6447
 -3.49521
 5.46616
 -4.52184
 -1.03494
 1.66593
 2.21467
 0.0507956
 1.1478
 -3.71211
 4.66384
 -4.70475
 4.03401
 -0.231741
 -2.70985
 4.38162
 0.185927
 -3.67871
 0.292849
 0.865715
 2.75138
 -4.34564
 -1.04226
 4.30693
 1.74359
 -2.54814
 -3.36718
 1.02517
 0.281279
 2.43549
 1.64365
 -1.34927
 -4.36037
 3.48689
 -1.72667
 -0.332974
 3.93591
 -4.28743
 2.60416
 -0.93269
 1.89072
 1.0775
 -4.16049
 5.23257
 -3.15064
 0.433028
 -1.62331
 -1.55928
 4.52306
 -4.89933
 4.63497
 -1.57601
 1.59087
 -4.95087
 4.87761
 -4.74314
 0.315291
 -1.02471
 0.424782
 2.38229
 -0.856128
 -0.122738
 -2.26063
 -0.406784
 1.47677
 0.247483
 -3.47471
 1.08973
 -2.03628
 2.24177
 -2.44057
 3.7221
 -5.37269
 5.83387
 -2.2819
 2.13633
 -3.54951
 -0.68663
 4.03264
 -2.25619
 4.05147
 -2.38626
 -3.20169
 5.4769
 -1.5687
 -3.24019
 2.63103
 -4.13007
 4.34661
 -2.35224
 -0.683091
 -1.44887
 1.55806
 3.88297
 -5.96131
 0.840324
 4.55975
 -4.91605
 3.27265
 0.653218
 -1.04632
 -3.94005
 5.30961
 -0.688777
 -2.56895
 3.33184
 -5.32696
 1.11585
 -1.44186
 4.37932
 -5.17491
 4.63164
 0.313353
 0.906188
 -4.98528
 5.52295
 -4.1995
 2.81516
 -0.88069
 3.22478
 -0.38181
 -5.39722
 3.98732
 -1.09961
 2.02248
 -1.65518
 1.21424
 1.42656
 -3.15322
 4.31504
 -0.676154
 -3.63567
 4.26364
 -5.48491
 5.84696
 -2.22446
 3.53545
 -4.87703
 3.13549
 -4.98213
 5.37721
 -5.19631
 5.06583
 -1.90594
 2.48894
 0.206198
 -2.22334
 1.69107
 1.25422
 -3.31961
 1.22096
 -2.85123
 3.07676
 1.77495
 -5.34295
 -0.572408
 5.69256
 -3.23156
 2.67077
 -3.00109
 0.672639
 2.04869
 -2.25317
 -0.392989
 2.09362
 -3.084
 3.18643
 -0.112483
 -0.437759
 -1.00611
 1.86124
 -4.30882
 0.864267
 1.93631
 -0.067546
 -0.500769
 -1.83596
 -0.572566
 4.39274
 -0.994785
 0.511361
 0.450505
 -2.4371
 2.41079
 0.755525
 -5.12232
 1.49302
 1.3153
 2.45596
 -2.6979
 2.01001
 1.0138
 1.49936
 -1.78373
 -1.68468
 0.763492
 -0.272819
 -1.92457
 2.53738
 -1.31117
 -0.428685
 0.470174
 0.825641
 -1.70553
 -2.20184
 4.5617
 -1.9134
 -0.762916
 -2.17716
 2.90729
 0.177748
 -2.7126
 -0.917557
 2.94788
 -1.25407
 -2.05241
 -0.911218
 5.45956
 -4.92746
 1.51497
 0.0829691
 -0.388734
 0.322737
 1.159
 -0.376592
 -3.79716
 4.09842
 -1.09105
 0.890483
 -4.08994
 5.64986
 0.652961
 -2.18151
 1.93587
 -0.137367
 -1.61858
 2.90951
 -0.640226
 -0.115191
 1.55882
 -1.89785
 2.84147
 -0.295313
 -0.915319
 -2.86868
 4.96707
 -4.19373
 4.50381
 -3.19474
 -0.275041
 -1.32668
 1.8754
 0.961031
 2.32239
 -1.33294
 1.93247
 -0.440537
 -0.874398
 1.14287
 1.07816
 -2.73644
 -1.76254
 3.78293
 0.632339
 -3.01137
 2.15029
 2.00877
 -1.7805
 -1.12281
 -0.272775
 0.0711879
 1.78146
 -1.07007
 0.321329
 2.14717
 -3.82571
 2.34955
 0.276813
 -3.03893
 -0.848989
 -0.297034
 0.425649
 -0.25502
 -0.472523
 -1.51931
 0.782186
 3.75239
 0.0178479
 -5.14701
 1.29208
 4.17594
 -3.43037
 -2.59435
 0.393165
 2.54667
 -2.43043
 2.45376
 1.44066
 0.721644
 -3.13733
 2.65416
 -2.61216
 3.17061
 -1.35313
 -3.29769
 -0.0921327
 0.697694
 3.66996
 -0.97206
 -0.476949
 2.6546
 -4.23582
 4.47639
 -0.153456
 -4.92449
 3.99328
 -2.76748
 1.62247
 1.52636
 1.84115
 -1.36697
 -3.00346
 -1.19281
 3.89091
 -0.314298
 1.57828
 -0.598253
 0.474442
 -0.92798
 -3.75969
 5.87994
 -4.49834
 3.43781
 -4.12051
 4.75143
 -2.31961
 2.83334
 -2.72327
 0.900729
 -0.475085
 3.87378
 -4.50014
 0.96762
 3.3933
 -0.206323
 -0.21709
 1.26812
 -4.54543
 -0.81228
 2.83187
 -2.1157
 0.87469
 3.54106
 -0.111348
 -1.74654
 0.0511828
 -1.45319
 2.97537
 -4.05196
 5.01055
 0.257722
 -0.854625
 1.87661
 -2.26269
 -2.47556
 -0.292587
 4.40213
 -3.54695
 1.78797
 0.433509
 0.942288
 2.04421
 -3.36831
 -1.10966
 2.81115
 -0.405081
 1.09577
 0.789174
 0.185274
 -0.163572
 -0.447402
 2.54457
 -3.94738
 2.40816
 -4.08477
 1.00447
 2.60896
 0.497718
 0.436306
 0.528159
 -2.36558
 -2.03526
 2.26226
 2.20164
 -2.54558
 3.54063
 -4.22298
 0.24244
 -1.91133
 3.94324
 1.38947
 -4.3657
 3.80328
 -0.836936
 -1.27862
 -0.701409
 1.83124
 0.747228
 -3.76006
 0.10688
 1.98915
 -3.7463
 2.47067
 -2.86094
 0.547255
 4.30315
 0.36491
 -5.44256
 0.255871
 -0.478408
 0.0914073
 0.539866
 1.94547
 0.700963
 -0.0121621
 0.201732
 -0.666803
 -3.13688
 0.800954
 0.463425
 -1.58161
 3.07827
 -2.52932
 3.40337
 -0.160557
 -2.2773
 1.93311
 -0.187242
 2.68607
 -1.81929
 2.05499
 -5.35197
 0.788855
 -0.913513
 3.53248
 -2.04959
 -1.02879
 2.94738
 0.184409
 -4.51125
 1.73347
 0.197198
 3.49605
 0.378183
 0.639037
 -0.894896
 -1.44509
 -2.27483
 1.63437
 -0.659494
 -1.32229
 -1.27288
 2.74723
 -2.73033
 1.07551
 -0.299598
 -2.12387
 1.74904
 0.68966
 0.264111
 1.46462
 -3.48665
 0.874094
 -0.243823
 3.5005
 -3.07739
 1.6605
 1.13204
 -4.69377
 3.55572
 -3.26281
 2.74537
 0.448802
 -0.10492
 1.91739
 -4.16821
 3.78221
 -2.34334
 -1.95099
 2.47349
 -1.3732
 1.25875
 -1.04655
 2.0088
 -1.76028
 -1.07927
 -0.989428
 0.583521
 -1.47054
 3.53827
 -1.12712
 3.12268
 -5.70886
 0.129783
 -1.04635
 5.37152
 -5.37238
 1.63472
 -1.4465
 -1.40102
 0.96134
 -2.18933
 0.230946
 2.19867
 1.09864
 -1.94507
 0.426849
 -0.126154
 -0.673721
 -0.369897
 3.56321
 -4.57068
 2.82849
 -3.27165
 1.11442
 1.06229
 -0.211984
 2.03348
 -5.18467
 5.55907
 -3.5385
 2.06562
 -0.609425
 1.6808
 -3.42535
 3.01619
 -2.73394
 -1.76111
 1.83142
 0.0243065
 2.39266
 -1.47386
 0.104614
 -0.328929
 -2.08204
 0.427462
 -1.78997
 0.15333
 0.742246
 -2.63872
 2.54278
 -1.15072
 -0.775834
 1.5363
 -2.49003
 -0.485089
 -0.258136
 1.5559
 -1.56709
 3.92206
 -5.23055
 0.155012
 3.97751
 -4.69732
 0.297184
 -1.67197
 4.16282
 -0.0341904
 -2.07433
 -1.89842
 1.12326
 2.8697
 -0.161725
 1.50103
 -5.24262
 2.89265
 -3.77235
 0.252665
 1.93416
 -0.95135
 1.38773
 -0.980103
 1.62437
 -4.03958
 1.58673
 -2.14817
 1.69283
 3.13599
 0.464943
 -4.69813
 3.18155
 -0.0426062
 -0.158887
 -2.05356
 -0.0452553
 2.9996
 -3.94468
 3.29145
 -4.14253
 5.795
 -4.82706
 -0.118439
 3.09025
 -2.09674
 -1.55451
 -0.537769
 4.58242
 -0.906991
 -3.16584
 4.04949
 -4.77485
 0.88056
 2.89051
 1.03671
 -3.40715
 -0.654513
 0.508232
 4.09196
 -2.45083
 -0.096192
 1.21072
 -2.58877
 0.620995
 -1.60887
 -0.301212
 1.63022
 2.05309
 -3.37807
 2.81169
 -4.12835
 5.39813
 -5.30281
 0.805984
 -1.90022
 4.88673
 -3.50396
 2.22344
 -3.97699
 2.01708
 1.32875
 2.54484
 -2.57709
 -2.75685
 3.50526
 0.326935
 -2.30541
 -2.12157
 2.98999
 -3.11286
 1.19414
 -0.209573
 0.428323
 -1.60597
 4.68992
 -0.471838
 -2.30619
 3.11551
 -2.80831
 2.89036
 -1.61908
 -0.943725
 3.73928
 -2.75457
 3.13956
 -5.44793
 1.69997
 0.529102
 0.0584416
 2.77179
 -2.90408
 2.63924
 -5.11946
 5.06367
 -1.58711
 1.56699
 1.11614
 0.474367
 -3.46139
 0.621505
 2.04669
 0.124799
 -0.741714
 -0.355855
 2.21571
 -1.84064
 -0.654096
 -1.44387
 4.38389
 -2.18375
 -1.35169
 0.365589
 0.834346
 -0.902783
 -2.19331
 2.53499
 -2.45605
 3.59933
 -2.04766
 -2.1017
 -1.17499
 1.07884
 2.99997
 -4.29645
 2.63789
 0.808833
 -1.74138
 0.620095
 2.36351
 1.00314
 -0.419022
 -2.49542
 1.94909
 1.6516
 -1.23668
 1.23178
 -4.13729
 -0.685148
 1.55172
 3.91974
 -3.69581
 1.1953
 -3.68176
 2.22452
 2.68835
 1.35051
 -2.3895
 0.077562
 1.05912
 -4.01174
 3.64684
 -2.88642
 -1.05093
 1.22371
 -1.37862
 2.7992
 1.40915
 0.877436
 0.0792114
 1.19337
 0.163083
 -5.19745
 4.2807
 -3.79177
 0.896217
 -0.122025
 0.774186
 -1.84395
 1.98347
 0.298103
 -1.48794
 1.30117
 -1.63514
 2.94178
 -3.50957
 0.22231
 0.649661
 -2.24132
 -0.533539
 3.64039
 -1.68789
 0.130698
 1.23512
 -1.50873
 2.11303
 -3.00949
 3.63298
 -1.06187
 1.37567
 -0.945
 -1.7921
 -2.02659
 5.07249
 -0.480155
 -1.45777
 1.60082
 -2.4528
 2.94243
 -1.96484
 -0.945755
 3.09719
 -0.119625
 -3.71284
 5.13594
 0.360793
 -1.70966
 1.92979
 -5.15784
 1.21913
 -1.56961
 0.788175
 2.53276
 -3.65916
 4.57909
 -2.33701
 -0.63378
 -1.26628
 2.39114
 -1.68125
 -2.0911
 5.25259
 -2.01985
 -3.15882
 2.35292
 -2.10479
 -1.09564
 2.47182
 0.455143
 0.619184
 -0.119271
 -2.05823
 4.66638
 0.0932984
 -0.531848
 -0.361896
 1.32976
 -0.892234
 -1.91116
 4.06609
 -0.886747
 -2.70609
 0.937387
 -2.62528
 5.76896
 0.0144614
 -1.30089
 -0.256075
 -2.0929
 3.74083
 1.46913
 -2.54916
 -2.39753
 0.886622
 2.28448
 1.07105
 -1.52012
 2.01495
 -3.74306
 -0.820912
 1.12284
 0.287865
 0.0288562
 2.70778
 -5.53503
 5.0165
 -4.63935
 5.6636
 -3.81635
 1.59518
 -2.07817
 2.42196
 -1.42257
 -0.351097
 -0.379873
 2.36111
 0.480695
 -1.61178
 -2.6074
 -0.0374236
 4.8728
 -3.06416
 3.40118
 -1.54797
 -2.25122
 1.91117
 0.712741
 0.0571205
 -1.69147
 -0.339512
 -1.74642
 -0.767909
 2.34317
 -1.35992
 1.21433
 -1.19024
 -2.14813
 3.35448
 -4.35819
 5.349
 -0.759084
 -4.23206
 4.91559
 -0.671317
 -0.861893
 0.980933
 -2.95165
 -1.06259
 3.78626
 1.82407
 -2.32616
 -1.35894
 1.75102
 1.03937
 -4.25845
 4.78034
 -5.18616
 4.663
 -3.69486
 3.83728
 -1.78708
 1.08222
 1.28764
 -4.58353
 -0.524761
 2.85177
 -2.07996
 0.0548121
 3.39542
 -4.38175
 2.43063
 1.0067
 -0.369563
 -0.0505538
 2.58649
 -5.26123
 2.52006
 -3.43335
 5.41422
 -1.60053
 -2.65112
 0.769097
 -0.154818
 -2.01913
 4.9801
 -0.779857
 -1.23856
 -3.45515
 5.97041
 -2.29918
 1.81862
 -0.127277
 -1.67464
 -0.878232
 -1.98119
 5.09184
 -0.845135
 -4.52192
 3.64716
 -2.13811
 0.829125
 1.55834
 2.37364
 -5.53356
 5.1027
 -1.36085
 0.576873
 -4.24368
 5.20563
 0.00623036
 -0.150276
 1.11582
 -2.73132
 2.30476
 -1.22875
 2.95948
 -4.1252
 -0.745303
 3.83472
 -4.60737
 1.44281
 4.32532
 0.438845
 -3.27296
 2.25366
 -1.07362
 0.930711
 -1.50655
 4.4184
 -0.368164
 -0.776038
 -0.923626
 2.77077
 -4.14935
 4.99482
 -5.9397
 5.57601
 -2.16543
 2.56875
 -5.57679
 4.34699
 1.07513
 -2.04714
 -2.57016
 5.1763
 -5.19896
 -0.667063
 0.598231
 0.820695
 1.8473
 -0.0707651
 -2.75418
 1.723
 -2.90916
 -0.024892
 5.13046
 -2.78171
 2.55189
 -5.33668
 5.77793
 0.11228
 -4.33313
 2.02644
 -1.89925
 2.53256
 2.01225
 -1.44085
 -1.93474
 -1.92557
 4.55077
 -2.15691
 1.66253
 -0.240494
 -0.363927
 -3.2459
 -0.189145
 0.667386
 1.49448
 2.36608
 -2.63842
 -1.87552
 1.47908
 1.95917
 1.60001
 -4.0835
 2.98502
 -1.35793
 1.82761
 0.382221
 -1.55411
 -1.85575
 1.10564
 -1.73112
 -0.445415
 -0.830539
 -0.451358
 4.78485
 -0.508017
 -0.975987
 0.0284836
 0.351983
 1.81968
 -4.77943
 0.251759
 4.96263
 -1.53032
 -3.84118
 2.40435
 -0.504398
 -1.11212
 4.18162
 -3.52368
 1.3957
 -1.72063
 1.68271
 -2.54346
 2.71936
 -4.0785
 1.79246
 0.290779
 1.03389
 -3.99242
 -0.0485146
 0.67309
 -1.95953
 3.76431
 1.87464
 0.217187
 -3.55907
 -0.102223
 2.61198
 -1.5043
 0.76927
 -1.66075
 1.21011
 1.8442
 -5.30252
 5.57967
 -2.11342
 -2.6108
 -1.12314
 2.59714
 1.90486
 0.450091
 0.457261
 -5.24506
 1.00194
 4.376
 -4.90069
 -1.21812
 3.7969
 -4.10933
 1.59783
 2.41296
 -1.3498
 -3.21842
 3.80268
 -3.37049
 -1.3026
 5.37976
 0.555581
 -3.58294
 0.315247
 -2.26993
 1.26013
 2.56381
 -3.53314
 -0.34939
 -1.04971
 5.27079
 -2.45264
 -3.75872
 3.40865
 -1.79171
 -0.0132633
 -0.0512464
 -0.0337729
 3.56071
 -3.62779
 1.49927
 -1.0708
 2.41991
 -1.70687
 2.10583
 -1.7433
 -0.37238
 -0.423673
 3.09457
 -0.469219
 0.850618
 -0.00704393
 -1.42312
 0.0486109
 -0.0359703
 -1.03624
 0.642525
 -1.13028
 2.61481
 -0.341429
 -2.95299
 4.2824
 -1.92801
 -2.72546
 1.72342
 2.81799
 0.696134
 0.438761
 -3.26665
 1.34161
 1.76205
 -5.05945
 4.97723
 -2.72761
 -0.500656
 2.65051
 -2.57765
 4.15025
 -5.21907
 -0.00866592
 2.91928
 -0.710071
 1.46504
 0.184654
 -2.08407
 4.08757
 -1.74683
 -0.200573
 -1.21581
 -1.93422
 4.92793
 -4.89637
 5.45314
 -0.493284
 -0.546473
 2.43376
 -5.69285
 4.751
 -0.139177
 -4.09106
 5.06228
 -5.26453
 5.14067
 -3.41305
 1.28947
 1.37336
 1.481
 -3.6258
 -0.554241
 -0.684656
 4.8693
 -2.06713
 -1.57713
 3.91523
 -3.02709
 -0.0433969
 1.56859
 0.234043
 0.0561629
 1.41399
 -2.66255
 0.50582
 2.25898
 -4.66313
 5.81417
 -4.75242
 4.60565
 -5.6857
 4.4384
 -1.98741
 3.70787
 -5.26932
 5.07962
 -1.08052
 1.19958
 -3.77579
 4.27234
 0.366644
 -0.589793
 0.237563
 0.741256
 -2.66271
 -1.73442
 -0.136692
 0.637445
 3.33669
 1.104
 -5.99946
 3.25803
 2.41499
 -3.31876
 -1.6745
 4.78067
 -1.67127
 -1.30425
 0.228918
 -2.49305
 5.45331
 -4.51963
 -1.25032
 3.3777
 2.16657
 0.190297
 -2.35142
 3.38644
 -3.17381
 -0.936587
 3.57664
 -2.07852
 1.95483
 0.25009
 0.179061
 -3.2847
 2.24699
 -2.05136
 -0.667994
 3.93998
 -2.96918
 3.38283
 -0.447216
 -0.564263
 -1.70726
 0.557702
 1.71837
 -4.33302
 0.907884
 -0.472464
 1.28332
 -3.07376
 0.550039
 0.956755
 -0.514057
 -0.91079
 4.22941
 0.373738
 -4.64473
 2.98646
 -0.879626
 3.15723
 -1.42935
 -4.13518
 0.197317
 2.91942
 1.96312
 -3.94382
 -1.4976
 0.142469
 5.1091
 -5.6537
 2.24566
 -1.0805
 4.13264
 -1.75686
 0.390585
 -4.36323
 1.81498
 2.07497
 0.873653
 1.15538
 0.524144
 -3.57462
 -0.00217066
 2.17282
 1.52222
 -2.8346
 1.23628
 -0.0742087
 -0.540287
 -1.84653
 5.21389
 -4.56153
 3.7449
 -1.04664
 -1.90507
 0.143043
 1.38463
 2.71474
 -4.04106
 1.05352
 2.35526
 1.27028
 0.165992
 -5.5656
 2.60443
 3.61539
 -1.4241
 1.19083
 -4.29222
 2.96066
 -0.0137032
 0.663289
 -4.11191
 3.48846
 1.16225
 -1.63009
 0.123805
 2.41145
 0.773021
 -5.47231
 0.726185
 2.00486
 -0.334314
 -0.529726
 1.03208
 0.0662797
 -2.98166
 0.458921
 -0.653491
 1.08837
 3.21913
 -0.576031
 -0.627645
 -3.23037
 4.09079
 -3.87928
 -0.296314
 4.28775
 -3.31166
 -1.03301
 4.33452
 -4.58879
 1.65876
 2.30777
 -2.07125
 0.233775
 -0.324084
 -1.55374
 -1.33069
 1.03406
 1.56505
 1.87132
 -4.75889
 2.03683
 -0.737495
 1.32704
 1.0189
 -0.61177
 -0.44722
 1.31613
 1.64223
 -5.39506
 3.8173
 -3.10047
 4.38502
 -5.6196
 0.646479
 0.280758
 -1.35413
 -0.9214
 5.12934
 -1.06961
 -1.36634
 1.65728
 0.401459
 -0.724318
 0.927089
 -2.14048
 3.8194
 -1.45167
 -1.93778
 3.52288
 -0.152823
 -1.46197
 -1.26963
 3.01938
 -0.767788
 2.23678
 -2.49887
 -0.553051
 0.912468
 -2.93151
 5.56992
 -0.883096
 -1.94836
 3.26189
 0.100125
 0.149472
 -1.42709
 2.39909
 1.22139
 -2.89303
 2.31975
 0.33308
 -1.99665
 -0.186187
 1.92149
 -0.0415834
 0.633945
 -1.68137
 -0.349092
 -2.08773
 4.84803
 0.137919
 -2.81725
 1.56124
 -0.902377
 0.629544
 3.3294
 -5.90711
 3.63804
 -1.55227
 -1.30612
 3.30018
 -2.74848
 2.3312
 -3.21569
 1.19527
 2.80131
 -1.732
 -2.12021
 0.682181
 0.0636771
 -0.690256
 -0.797208
 -1.37599
 0.724908
 2.4908
 1.12333
 1.01797
 -1.45708
 -0.293614
 1.82603
 -3.30719
 0.270186
 4.5599
 0.388332
 -2.65242
 -3.29457
 0.820913
 3.08189
 1.79812
 0.0762926
 -0.213278
 -4.99879
 1.1132
 -1.01279
 5.41236
 -4.0645
 3.79894
 -2.64634
 -2.56684
 -1.01597
 3.23257
 2.61449
 -3.85775
 4.1757
 -6.00065
 3.28425
 0.240236
 2.62072
 -3.02544
 -0.919874
 2.42733
 -0.218527
 -0.363918
 2.54441
 -5.53502
 5.04012
 0.525158
 -1.04651
 -1.99764
 1.87912
 -2.78648
 4.45051
 -1.28137
 -0.732789
 1.35009
 1.72862
 -3.17739
 -1.72789
 3.1135
 -0.858369
 1.48346
 -1.42486
 2.45409
 -4.15233
 -0.294179
 4.48561
 -2.00339
 0.539678
 -2.29478
 4.54492
 -5.04376
 3.9919
 -5.29731
 0.910837
 4.62524
 -3.96326
 0.96304
 1.6047
 -1.67388
 2.32119
 -4.75153
 3.28837
 2.56224
 -3.49781
 1.80788
 -2.17228
 4.6788
 -0.576948
 -0.520183
 -4.41613
 1.92972
 -1.51488
 -0.411941
 -1.43807
 5.06232
 -3.26928
 4.13335
 -1.27279
 1.91577
 -1.49434
 1.92171
 -2.02426
 -3.00634
 0.911026
 -0.609986
 -0.629651
 2.55721
 -1.78361
 0.907086
 -0.98092
 1.78979
 -0.264817
 -0.29559
 1.06201
 1.71744
 -2.33783
 -0.0972241
 -1.39442
 1.35419
 0.19546
 -1.8381
 4.66373
 -5.72325
 0.937988
 -0.615152
 -0.037678
 0.174128
 4.07876
 -5.68547
 5.01523
 -3.87377
 -0.735559
 2.30283
 -2.38597
 -0.813659
 5.01893
 -0.0431099
 -3.97506
 3.07804
 -0.473643
 -3.35521
 5.20979
 -4.28189
 2.39635
 -2.6301
 4.94392
 -4.58012
 -0.952127
 0.407996
 0.398642
 1.64664
 -2.00921
 -0.0243469
 0.989165
 0.655144
 1.26732
 1.53641
 -0.638975
 1.41834
 0.831185
 -3.72043
 0.564231
 3.89647
 -0.878352
 0.638183
 1.31872
 -1.73751
 3.27105
 -4.0371
 1.39761
 1.58516
 1.26762
 -4.57691
 -0.731196
 5.30334
 -0.844455
 -3.97377
 -1.07805
 5.47867
 -5.10019
 1.74311
 0.808735
 -2.43253
 5.11434
 -0.306603
 0.50337
 -4.22178
 1.31578
 -1.83881
 5.13019
 -3.63248
 1.89865
 -1.11907
 1.38455
 1.7803
 -0.027463
 -2.75585
 1.24062
 -1.45414
 -0.502459
 4.72626
 0.517344
 -2.16351
 -1.55196
 -0.903076
 1.68176
 0.204393
 -3.21184
 -0.236244
 5.03985
 0.597139
 -0.630428
 -2.28757
 0.848095
 1.03967
 0.834669
 1.48598
 -5.05325
 4.05819
 -4.97908
 1.08732
 0.13453
 0.500237
 2.52956
 0.154196
 -2.65258
 2.85005
 -5.15523
 1.91366
 -0.605186
 2.58176
 -1.02748
 -1.23053
 3.02056
 0.765273
 -1.63722
 0.571001
 -3.23988
 3.07053
 -0.172391
 0.356377
 1.33011
 -4.22244
 1.64595
 0.0619169
 -0.3774
 2.7207
 -4.88005
 3.82109
 -0.664122
 -1.66628
 4.4048
 -5.42596
 2.43802
 1.13779
 -0.240723
 1.37798
 -3.10352
 2.06175
 -1.39206
 2.69845
 -2.73172
 1.69061
 1.10401
 -1.43268
 -0.301447
 1.36814
 1.24096
 -1.63931
 -2.99234
 -0.467791
 0.605574
 0.540432
 -1.94378
 5.01183
 -0.635673
 -1.20971
 2.55675
 -5.00752
 -0.575341
 4.23439
 0.800808
 -0.195249
 1.0901
 -3.73458
 2.75511
 -2.51712
 3.17188
 -2.49567
 -1.12289
 -1.98921
 2.03292
 1.74626
 -2.35719
 0.813567
 0.240881
 0.364513
 -0.1003
 -0.745237
 -1.44608
 3.93714
 -1.41831
 1.18544
 -0.649484
 -3.59992
 0.0836858
 -0.468614
 5.54689
 -4.7437
 3.24319
 -2.58798
 3.56226
 0.684154
 -4.28836
 2.29248
 2.97125
 -3.59059
 1.81436
 0.6741
 1.41035
 -2.65981
 -2.33745
 -0.625965
 4.81705
 -1.05473
 -0.581393
 -1.41435
 0.598109
 -1.64377
 2.60075
 -1.06654
 2.45405
 -3.3834
 -1.71784
 2.44545
 0.766814
 -3.00063
 1.42457
 -2.6008
 4.71328
 -1.86578
 -3.02327
 2.65927
 0.00129067
 -0.0429545
 2.25695
 -1.46442
 1.92813
 -5.18388
 5.05877
 -4.67817
 3.99383
 -2.01561
 -0.999987
 0.0603963
 -2.02743
 5.74708
 -0.469659
 -1.11308
 1.54968
 -5.34558
 4.32401
 -1.64757
 3.53618
 -3.45766
 3.82157
 -4.98982
 4.17233
 -4.48233
 5.55659
 -1.10881
 1.15804
 -4.86812
 3.33492
 -3.55048
 0.533978
 4.26079
 -2.31589
 -0.689629
 -0.204487
 1.12343
 -1.38651
 -0.347614
 3.09633
 0.697524
 -4.98635
 0.219833
 4.00353
 -4.84128
 1.34157
 1.12081
 -1.01448
 -0.832
 0.949579
 -0.437901
 3.84701
 -4.55461
 4.26477
 -1.21795
 -1.28968
 1.19265
 -0.091475
 0.236436
 2.69172
 -2.42687
 2.2312
 0.471076
 -3.37013
 3.52131
 -3.45485
 3.73641
 -5.34438
 1.23098
 4.24008
 -4.41014
 2.77389
 1.44881
 -5.26283
 1.26978
 -1.682
 4.67052
 0.133481
 -2.22968
 -2.56604
 0.813798
 2.10746
 -2.78826
 -0.544073
 -0.14082
 -1.70518
 -0.0124376
 -1.23008
 4.89543
 -3.1884
 1.68239
 -1.2497
 -0.58792
 3.61305
 -0.660494
 0.126843
 -3.44113
 0.875826
 -0.596468
 0.68212
 2.50187
 -4.72052
 4.56943
 -2.39176
 1.11537
 1.01891
 0.7505
 -2.21607
 2.99974
 -0.843179
 0.457915
 -2.43929
 2.26687
 -3.76279
 0.127794
 -1.07971
 5.23768
 0.50465
 -3.72575
 -2.03822
 5.41067
 -1.32414
 -1.48501
 -2.72943
 3.31054
 0.974299
 0.363547
 -2.40271
 -0.245032
 -0.481778
 4.09029
 -0.397206
 -4.4895
 5.1304
 -5.83875
 4.00022
 -3.09523
 -1.05035
 2.97872
 0.0370966
 1.26676
 -3.81826
 1.98418
 -2.86258
 0.369994
 1.69681
 1.58783
 -2.34041
 3.82796
 -4.6457
 1.039
 0.963566
 0.93904
 0.568478
 0.466289
 -0.0579055
 -3.13243
 2.77998
 -0.0563601
 0.546949
 1.46961
 -1.66112
 -2.03311
 4.18641
 -0.693906
 -3.4346
 4.97656
 -4.61028
 4.74164
 -0.103845
 -5.29066
 0.946844
 -0.626136
 5.05366
 -3.2248
 0.259089
 -1.50637
 1.48558
 0.449088
 -0.380275
 1.96798
 0.481123
 -4.17259
 3.53151
 1.36648
 -3.73226
 1.88726
 -2.37646
 4.28312
 -0.818937
 -2.98874
 4.52728
 -1.9229
 2.88087
 -4.68208
 1.31037
 2.38294
 -4.72455
 4.32265
 -3.1567
 0.942362
 0.67462
 1.98625
 -1.16367
 1.38076
 -0.59808
 2.52524
 -3.35798
 -0.263074
 4.00909
 -2.44709
 -2.5381
 2.91862
 -0.696435
 3.62124
 -3.34067
 1.87162
 0.320667
 0.237377
 -3.27801
 -0.63407
 4.70146
 -1.20398
 0.439645
 -0.468367
 -1.74478
 2.91394
 1.89428
 -2.78358
 1.97988
 -3.3813
 4.94085
 -5.24764
 0.463494
 0.696408
 -0.938432
 2.29749
 2.12193
 -2.78526
 2.30185
 -4.38021
 3.37053
 1.275
 -3.94921
 0.893261
 1.93493
 1.07015
 0.696058
 -0.511194
 -2.72442
 4.02918
 -4.11208
 0.747872
 0.237642
 2.30791
 -4.15365
 1.50788
 1.14588
 1.74764
 -3.96106
 2.23969
 -3.70688
 5.19221
 0.692363
 -0.861147
 -2.55358
 2.73444
 -1.09917
 -0.131982
 -1.95199
 1.90912
 -2.33973
 3.9395
 0.187322
 -1.88826
 -0.381585
 1.2979
 -1.32738
 3.12713
 -1.08086
 -0.287781
 1.60329
 -2.46108
 3.1384
 -3.24389
 1.12667
 1.20928
 -0.0389614
 -0.175343
 -3.52083
 0.19124
 2.78494
 0.991926
 -3.94382
 1.94093
 -2.0743
 -0.728298
 2.00088
 -1.78107
 -0.331417
 2.46066
 -3.80035
 3.22702
 -1.92674
 0.654576
 0.988127
 2.57216
 -2.31008
 -2.70338
 0.430747
 -0.697155
 2.57292
 -2.15753
 1.14827
 1.35668
 -2.58256
 -1.21623
 3.32473
 -1.15012
 -2.9617
 -0.323449
 -0.0860564
 4.50204
 -3.41907
 0.0155375
 -1.06087
 1.11509
 -1.74043
 -0.19431
 1.37539
 1.80663
 0.983488
 -2.76167
 -0.0605146
 -1.28913
 3.57067
 0.547219
 -1.03518
 -3.72444
 -0.171207
 0.09975
 2.7678
 -4.20154
 2.04817
 -1.04363
 2.33852
 -2.86485
 -1.47645
 1.11829
 0.967175
 -2.2934
 1.84811
 -1.70255
 -0.819073
 3.7715
 0.594925
 -1.57461
 2.60257
 -5.91461
 5.28457
 0.00622881
 -3.08148
 4.45937
 -4.45835
 4.71079
 -3.98417
 -1.05884
 5.12043
 -0.175552
 -2.99009
 1.26475
 -0.0203736
 1.15517
 -0.85328
 1.45131
 -1.09975
 -3.03104
 5.45036
 -0.73606
 -3.6489
 0.87073
 -2.30433
 5.24442
 0.151714
 -1.13539
 1.73628
 -4.04819
 1.42703
 0.671377
 0.0587015
 -1.31654
 -0.248875
 0.385466
 2.25213
 0.314734
 -2.51095
 1.67686
 -0.300791
 2.45588
 -4.33494
 2.82135
 -0.916538
 -1.18639
 -0.346019
 1.85841
 1.13426
 -2.01342
 0.682793
 -1.22877
 3.13107
 -1.96688
 2.58862
 -3.76975
 4.59928
 -1.33287
 -4.04234
 5.3722
 -5.026
 5.0112
 -0.821873
 1.1695
 -5.50001
 5.06433
 -3.59687
 -1.2645
 1.49429
 3.11284
 0.581542
 -3.29361
 3.07241
 -4.56798
 5.25537
 -1.80226
 -3.08057
 4.94994
 -1.85103
 0.381637
 -1.32493
 0.696949
 1.14243
 -0.543911
 -2.35874
 0.623751
 -2.21521
 0.121216
 1.89078
 -3.28065
 3.91986
 -2.56233
 3.66528
 -5.13397
 1.20897
 -2.4592
 0.268301
 1.60929
 3.0083
 -5.86936
 2.19855
 -1.87218
 3.1858
 -1.22678
 -2.39916
 2.82282
 -4.07298
 3.6531
 2.11516
 -2.64577
 0.373545
 -3.78263
 4.23604
 -2.9441
 0.422946
 3.37479
 0.285172
 -1.96555
 1.5218
 -0.255865
 1.35871
 0.227958
 -2.26097
 -1.54813
 0.100407
 4.14922
 -2.55915
 0.199896
 -3.65606
 5.80862
 -2.12023
 2.79639
 -4.0664
 1.17742
 -2.15487
 -0.16451
 1.79236
 2.9473
 -0.178425
 -1.49218
 -0.812955
 1.36984
 -0.687496
 -2.18126
 5.1178
 -0.0315855
 -1.4248
 -2.47345
 -0.167339
 -0.904413
 3.39632
 -2.09753
 0.302717
 -0.776201
 1.75511
 -4.38127
 2.32666
 0.176173
 0.480765
 -1.91714
 3.51863
 -2.0966
 -1.31513
 1.51864
 -3.71656
 5.09786
 -4.91823
 -0.258697
 1.13992
 -2.35223
 1.13379
 3.3744
 -0.0173581
 -1.37504
 -2.69473
 -1.38484
 4.46014
 -4.15677
 3.41709
 -1.51566
 -0.308098
 -0.603788
 2.31108
 0.0511081
 1.3358
 -4.9923
 -0.113241
 5.24069
 0.565143
 0.0967926
 -0.822984
 -2.87296
 5.34295
 -3.31299
 -2.57709
 -0.0217401
 0.104982
 4.80974
 -1.22558
 -4.60973
 4.72413
 -1.27172
 -2.4067
 4.61455
 -0.678085
 -4.73171
 3.99507
 -2.75416
 4.61728
 -5.69142
 2.4121
 2.55815
 -0.0225411
 -2.63366
 -1.1025
 1.9504
 -3.21059
 0.139356
 4.1853
 -5.12347
 1.60504
 1.08719
 -2.71842
 -0.454648
 4.66796
 -2.64647
 2.85976
 -5.69794
 5.74063
 -5.72641
 4.08728
 -0.342409
 0.737771
 -2.17312
 -0.350458
 2.79178
 1.29072
 -4.4892
 3.294
 -1.05052
 3.32052
 -4.56957
 3.60949
 -4.17517
 -0.827101
 3.27231
 -3.45573
 5.29809
 -2.75099
 2.92801
 -4.52297
 5.62069
 -3.44091
 1.04194
 2.87529
 -3.91842
 0.795854
 2.57694
 -0.264536
 1.69549
 -4.04177
 4.54262
 -0.969626
 -4.09249
 3.16345
 -1.34735
 0.306389
 -0.138277
 3.30419
 -1.15195
 -3.82186
 -0.169854
 0.655747
 0.368219
 1.41045
 1.68273
 0.155397
 0.625796
 -2.21262
 -1.01243
 2.00269
 1.07325
 -1.59766
 -0.530027
 -1.50229
 0.3844
 3.78663
 0.786869
 -4.83225
 -1.04728
 0.434383
 3.97976
 -0.629857
 0.956563
 -2.78379
 -0.143132
 0.197471
 -0.304281
 -1.22052
 0.575814
 4.05716
 -5.76094
 1.97497
 -2.4246
 4.64857
 -1.62344
 0.140062
 -1.32818
 -1.38364
 5.29469
 -0.209498
 -3.55502
 0.0823581
 4.07153
 -1.8845
 -0.573469
 0.150701
 1.88437
 0.961415
 -4.00363
 1.81709
 0.677901
 3.1513
 -0.474161
 -1.54649
 0.457517
 0.582576
 -2.06853
 -1.56438
 0.538751
 -1.29775
 0.339833
 -0.916768
 5.24515
 -5.32536
 1.43422
 2.81846
 -1.33805
 -2.03471
 4.59215
 -5.91651
 5.76563
 -2.58311
 -2.72593
 0.551891
 -0.675995
 2.59386
 -1.26338
 1.62238
 1.19664
 -1.727
 1.63157
 -4.23457
 1.54332
 2.31511
 1.19198
 -0.84346
 -0.833019
 -0.417435
 0.816479
 3.13262
 0.267649
 -2.58826
 -3.0704
 4.19422
 1.01695
 0.85576
 -0.723521
 -4.63039
 0.594005
 0.974683
 -0.153526
 1.91666
 -2.35975
 2.4161
 -0.771874
 0.936249
 -0.035066
 -3.07759
 4.76451
 -5.08299
 2.23112
 0.907487
 -2.74932
 2.17096
 -0.731652
 2.43181
 -2.98522
 2.37062
 -1.01241
 0.701474
 -0.445215
 -1.88729
 2.53888
 0.604801
 -3.79167
 -0.609094
 2.27526
 1.94361
 -1.43343
 2.28764
 -1.7326
 -2.99831
 1.89623
 -0.473926
 -0.734007
 -0.194753
 2.46983
 -2.1321
 -2.33123
 1.59643
 3.20292
 -2.92698
 -1.72174
 3.20296
 0.734577
 -3.67673
 4.21556
 -0.808255
 -0.646372
 -0.627153
 -2.50459
 -0.0975836
 0.816355
 1.91644
 -4.33877
 0.83718
 4.73295
 0.640277
 -4.40203
 -0.758843
 -1.43647
 0.823573
 2.95752
 0.576549
 -2.24188
 2.21423
 -1.79028
 -0.15866
 2.58065
 -4.46728
 4.27661
 -0.875144
 -0.366284
 -3.45799
 1.64382
 -0.290626
 3.93765
 -0.853965
 -4.75064
 4.07032
 1.12612
 -2.76477
 4.25281
 -4.71519
 4.451
 -3.20457
 0.180901
 2.49799
 -1.83728
 -2.05217
 1.1405
 0.259872
 -1.39654
 -1.76364
 0.0519215
 4.68968
 -5.38589
 2.49818
 -3.05509
 5.20171
 -3.00967
 -2.19771
 1.64063
 2.48483
 -3.60846
 -0.94291
 1.96373
 -0.779122
 -1.88012
 4.73529
 -1.33727
 1.03879
 0.378748
 -2.11666
 2.32703
 -4.77187
 5.70899
 -0.458793
 0.105836
 -0.556692
 -0.0925525
 -0.729014
 3.85908
 -4.80784
 5.07173
 -4.81203
 2.58844
 -1.40051
 3.94664
 -3.11545
 3.44171
 -2.29714
 1.03459
 -4.00927
 3.38805
 -3.03475
 4.93196
 -3.68465
 -1.73424
 4.34268
 -3.02757
 3.44072
 -1.2465
 -1.74911
 1.07169
 -3.16328
 2.58355
 1.13271
 -4.09685
 2.67535
 -3.7946
 5.3169
 -0.405651
 1.49664
 -3.76428
 3.11858
 -0.0981321
 -2.24031
 2.23002
 -1.41287
 -0.854637
 1.18147
 -1.48539
 4.70133
 -5.31441
 3.26988
 0.876802
 -3.63621
 0.644388
 -1.20006
 3.44866
 -3.37917
 -1.19074
 -0.347001
 3.45771
 -2.40796
 -1.16549
 -1.33984
 3.13572
 1.76933
 -1.81958
 2.14858
 -2.0663
 -2.26663
 4.63415
 -5.3167
 5.40043
 -0.225414
 -4.98791
 2.67623
 -1.17109
 4.39275
 -4.82675
 4.77666
 -0.357445
 1.43553
 0.107055
 -4.7983
 5.00867
 -3.71659
 -1.20877
 3.75408
 0.546191
 -3.50472
 1.13172
 0.112973
 0.0488498
 0.0250142
 -2.0083
 4.49288
 -5.39736
 2.86291
 -1.07695
 3.06018
 -3.21302
 -0.678162
 1.80407
 2.57103
 -1.9655
 -0.742806
 3.42437
 -2.34662
 -1.28067
 2.648
 -0.0729927
 1.80698
 -5.81845
 5.17802
 -3.39914
 0.687516
 -1.14623
 2.10932
 -0.142032
 0.0453089
 -3.23422
 1.06864
 0.963559
 -3.54316
 4.16415
 0.439986
 -1.34525
 0.510265
 1.00104
 -3.20065
 1.92483
 -2.06878
 3.55767
 0.581277
 -3.83415
 -0.0326431
 -0.503888
 -1.14663
 1.46063
 3.15839
 -3.94782
 2.3473
 -1.14358
 -2.30427
 3.09972
 -2.78257
 2.16251
 0.417391
 1.37077
 -4.17728
 3.4935
 -2.42694
 -1.76961
 3.57914
 -4.52423
 3.00348
 -1.11987
 2.92976
 -5.30514
 0.843182
 2.34812
 0.735598
 -1.16579
 -1.5221
 4.18422
 -1.73476
 -0.965924
 1.87917
 1.19858
 -2.91303
 3.9666
 -0.881069
 -1.93511
 -0.703192
 3.86115
 0.399634
 -5.02703
 0.900525
 2.44773
 -1.56861
 -0.675617
 -1.22884
 3.11058
 -0.23837
 -1.07166
 2.82939
 -0.430443
 -2.02651
 -0.180626
 0.160524
 -1.44794
 4.54927
 -4.03977
 1.24128
 1.84585
 -4.55843
 -0.180219
 -0.517177
 4.48867
 -4.38685
 0.526642
 2.15802
 -1.86414
 3.74127
 -4.60167
 0.9529
 -1.67379
 -0.0553226
 -0.0123634
 -0.0785853
 0.235061
 -0.98595
 1.11039
 -0.33009
 3.78059
 -2.17113
 1.78527
 0.636068
 -4.98893
 5.11788
 -1.37928
 3.06992
 -2.27421
 -3.73276
 -0.409585
 -0.464142
 3.93117
 -4.02378
 3.06515
 -1.44352
 0.918273
 0.597805
 -1.52925
 2.55375
 -0.455813
 0.796599
 1.38493
 -4.30844
 1.11091
 3.70388
 -1.14323
 -2.26014
 0.675052
 2.88565
 -4.97392
 5.41635
 -4.5499
 1.32112
 -1.68895
 0.532532
 3.93443
 -2.38247
 3.22817
 -6.14089
 1.11401
 -1.68422
 3.37676
 -0.616465
 3.18845
 -0.473952
 -1.53198
 -3.09952
 -1.06624
 2.05426
 -1.58216
 2.8144
 -3.95379
 2.08933
 -1.39367
 0.808971
 -0.295777
 -2.35222
 1.09847
 1.51675
 -2.95288
 0.576621
 3.56925
 -3.36359
 0.621703
 -2.89797
 5.75951
 -3.05954
 0.670117
 -3.54195
 2.29398
 2.23325
 -3.7933
 3.06328
 -4.57509
 2.58116
 0.00724627
 -0.676663
 1.96713
 -3.10326
 3.72456
 -1.5098
 1.99161
 -0.451507
 -1.82667
 1.82715
 -0.966141
 -2.22533
 3.28416
 -4.14435
 3.38237
 0.979503
 -0.732731
 -2.20706
 4.08024
 -4.10941
 5.09526
 -6.0571
 0.583497
 3.64833
 -2.72816
 0.350707
 2.95997
 -1.02379
 -3.97248
 4.33027
 -2.22225
 2.00073
 1.26665
 -5.2246
 0.473125
 -1.04206
 4.81024
 -0.769892
 -3.76907
 4.89466
 -5.4185
 5.68505
 -4.20339
 2.72643
 0.12866
 -2.3988
 2.89728
 -3.97648
 5.03988
 -3.47869
 4.30392
 -4.48138
 0.420052
 -2.20083
 1.43943
 3.27098
 -5.05203
 0.934941
 1.54281
 1.59428
 -1.54323
 -1.92714
 4.40712
 -1.56215
 -1.74321
 -0.474787
 -0.494305
 0.735478
 -0.237355
 1.19754
 -1.7731
 1.22741
 1.40623
 -2.96643
 4.53753
 0.391819
 -2.85795
 -2.60062
 0.809166
 -1.38103
 2.45628
 1.08254
 -4.46761
 5.69386
 -4.05608
 2.51464
 -1.61169
 1.7082
 1.05627
 -4.66866
 1.56208
 -1.3957
 2.63638
 -1.84382
 -0.413479
 3.71096
 1.0804
 0.374756
 -2.29067
 -1.12622
 2.90647
 0.855342
 -2.3172
 -1.19714
 0.911155
 -0.723131
 0.395484
 -0.932108
 -1.37259
 1.02519
 -2.05073
 1.72067
 -2.60088
 5.01071
 0.655379
 -2.1425
 -3.16745
 4.3611
 -2.26467
 0.982403
 1.73686
 1.1932
 -2.79966
 2.75727
 -1.39629
 -2.45076
 -1.4173
 4.10265
 0.479609
 0.1111
 -0.957495
 0.62561
 2.84018
 -2.80102
 1.30057
 -3.42957
 -0.302202
 2.38901
 2.07901
 -2.75034
 -1.62649
 4.08145
 -4.67835
 3.46919
 1.9222
 -2.91223
 2.78899
 -2.3079
 -2.23267
 1.74461
 -1.73578
 0.832914
 2.97984
 -2.52858
 3.34028
 -2.23146
 -1.73646
 0.2306
 -2.15677
 2.3135
 -1.01105
 2.55029
 0.741998
 -5.08428
 5.31575
 -1.17902
 -4.00492
 4.50324
 -1.14027
 2.76188
 -3.87049
 -0.377148
 -0.363191
 2.9187
 -2.62228
 0.0867248
 -2.49296
 2.4518
 1.69717
 -0.0674524
 2.05249
 -0.699615
 -2.2105
 -1.65828
 2.18746
 -2.17578
 5.09459
 -4.46929
 0.203755
 -0.356876
 2.73832
 -4.6405
 -0.0807069
 -0.886672
 4.69298
 -4.68913
 5.2662
 -1.77763
 2.31242
 -5.79401
 1.64615
 -0.367811
 -0.754565
 1.57451
 -0.342435
 -3.02159
 2.99935
 0.685096
 -3.22382
 2.60128
 -0.137509
 -0.282026
 1.25051
 -1.93512
 0.490628
 1.68369
 -2.29185
 3.88948
 -1.14647
 -0.0977526
 2.2029
 -5.41256
 -0.661727
 -0.0346065
 1.49167
 -1.46813
 4.86133
 -2.17929
 0.215634
 1.52551
 -2.70193
 -1.21301
 2.4881
 1.88896
 -2.96514
 2.62219
 -4.15925
 0.775057
 -1.54411
 1.59552
 -2.05835
 0.596431
 0.861985
 3.19112
 -2.45255
 0.133767
 2.47356
 -4.93027
 1.23968
 0.48699
 0.353806
 -1.75603
 2.71168
 -2.49719
 1.22723
 -3.0743
 5.62518
 -4.84807
 -0.751527
 4.333
 0.627517
 -0.463385
 1.34549
 0.942259
 -2.52696
 1.23431
 -1.817
 2.88356
 0.359259
 0.0574543
 -1.49751
 -1.44433
 -0.699562
 2.92717
 -0.874378
 1.47935
 -5.06098
 5.80021
 -4.85927
 3.43897
 -1.31153
 -2.26355
 0.91589
 1.80351
 -3.22405
 -0.579307
 -0.670671
 0.200797
 4.47862
 -5.32947
 3.26987
 -3.98821
 5.5572
 -4.44803
 1.77338
 0.169693
 2.89734
 -3.97148
 -0.496869
 3.24551
 -2.97236
 -0.677351
 -0.412423
 1.98782
 0.159061
 -2.21542
 -1.988
 4.93739
 0.700655
 -2.88538
 -2.80459
 0.663634
 4.1475
 0.565497
 -0.544289
 -4.2509
 1.94191
 3.29245
 -2.2764
 -2.23317
 3.21086
 -1.37269
 0.0154738
 1.84403
 -3.76555
 -0.342959
 4.19163
 -2.32027
 0.271336
 -1.35566
 0.383059
 -0.807487
 3.45577
 -2.43457
 -2.58197
 0.899093
 -0.371524
 1.65422
 2.97174
 -1.0047
 -2.17257
 2.96741
 -0.840466
 1.45134
 -1.7255
 -0.484224
 2.91456
 -4.81829
 4.8113
 0.408986
 0.101033
 -0.0930862
 -0.612038
 -1.43554
 -2.10764
 -0.400017
 1.78963
 0.813759
 1.49881
 -0.60552
 0.511448
 -1.73663
 -2.39579
 3.01595
 1.50817
 -1.43211
 -1.54626
 0.0206523
 3.80961
 -2.53025
 1.04885
 -1.6704
 2.61964
 -1.16974
 -2.39626
 1.68945
 -2.62311
 -0.532124
 0.0109093
 3.79092
 -0.368789
 -0.114562
 -0.802114
 -0.500796
 2.68067
 -0.618813
 -2.75627
 3.57539
 -1.83998
 0.483397
 -1.83907
 0.750493
 1.66327
 -1.64897
 2.26122
 -1.01716
 2.96805
 -3.96913
 4.07869
 -2.65881
 -1.30901
 2.89818
 -2.52897
 -1.11058
 3.13646
 -0.0523391
 0.94277
 -5.23616
 4.01989
 -0.143705
 2.67694
 -4.63179
 0.0333462
 4.01416
 0.285328
 -5.20996
 2.13667
 3.60383
 0.080195
 -3.82157
 4.51727
 -2.47615
 -1.36879
 1.60054
 -0.952775
 0.833112
 1.10513
 0.0847128
 -2.68835
 1.19953
 -0.711117
 2.38341
 -3.21638
 3.18623
 -3.69057
 1.91795
 -2.51168
 4.00384
 -1.84513
 3.50276
 -0.627564
 0.336182
 -1.06618
 0.732738
 -1.6621
 1.05763
 -0.035804
 0.313264
 1.34638
 -2.38734
 1.23164
 -2.15985
 -0.793241
 -0.0172749
 1.88267
 -2.25197
 2.48302
 -0.102645
 -1.70304
 3.11969
 -5.41068
 0.447966
 2.32139
 -1.50733
 -0.163236
 -0.591069
 2.10833
 -0.00529031
 -1.98185
 -0.592577
 3.71337
 -4.46338
 4.28948
 -5.28411
 4.40452
 0.965128
 -1.45243
 -0.63239
 2.20017
 0.266618
 -0.472365
 -0.242789
 -2.3874
 1.53136
 -2.72449
 5.64939
 -4.68149
 4.87615
 0.10482
 -2.35808
 -1.32316
 4.02377
 -0.982136
 1.10125
 1.02792
 -5.48848
 1.47429
 -0.629494
 4.37255
 -5.47849
 4.18053
 -5.09079
 4.00873
 1.50615
 -2.23967
 -2.95375
 2.88295
 2.07096
 -2.75265
 3.61653
 -4.31117
 2.62591
 -3.75113
 0.747683
 2.78708
 0.23668
 0.731516
 0.372689
 -3.24427
 3.22712
 0.472317
 -3.38764
 3.94645
 -2.23532
 -1.57744
 1.42074
 0.359214
 -2.27135
 1.88135
 1.44683
 -2.06504
 2.24853
 -4.88793
 5.59215
 -2.18333
 2.34241
 -3.92076
 1.45649
 1.1823
 -3.16471
 -0.900161
 0.611527
 0.100671
 1.0948
 -1.15283
 -1.47583
 3.64693
 -1.87697
 2.25601
 -0.251083
 0.644107
 1.35827
 -4.92564
 4.80466
 -1.34198
 0.539137
 -0.061097
 2.60405
 0.275413
 -3.3262
 3.16883
 0.264018
 -0.562641
 1.05618
 -1.31656
 -2.51908
 2.56284
 2.75657
 -4.73906
 1.636
 0.238093
 0.776811
 0.0418669
 2.04302
 -0.602364
 -3.60554
 -0.290286
 2.35166
 0.020812
 -0.146227
 0.772722
 1.20257
 -0.541673
 -1.24838
 2.57259
 -0.0590462
 -3.82357
 3.4267
 -1.41011
 -0.08519
 -2.12131
 2.62743
 -3.01058
 5.37386
 -0.882556
 -3.46546
 0.874305
 1.53574
 -1.94804
 4.3023
 -5.50035
 0.311622
 4.70702
 -1.80041
 0.268144
 -1.37611
 3.62247
 0.320415
 -5.5809
 3.64692
 1.05457
 -4.89308
 3.61088
 -1.29365
 -0.814225
 -0.0444349
 2.55271
 -2.63322
 3.35872
 -3.18121
 -1.07716
 3.88802
 1.12155
 -4.59024
 2.95173
 -1.19965
 0.799011
 1.65388
 -3.37336
 5.09829
 -0.357643
 -1.32737
 -0.798984
 2.68678
 -3.46469
 4.52367
 -5.74574
 5.12224
 -1.00276
 -1.70205
 0.619942
 -0.25909
 0.896273
 -1.38378
 1.84868
 1.85138
 -3.06259
 -1.49092
 -0.545137
 1.96862
 0.26902
 2.72098
 -0.0167884
 -1.17373
 -2.13784
 -1.41629
 -0.699598
 2.38067
 -1.35242
 0.739003
 -2.8517
 4.1537
 1.29392
 -4.94454
 3.306
 1.37301
 -4.13567
 2.84379
 1.78749
 -0.154451
 -1.62448
 -0.186397
 0.609113
 1.23137
 0.43697
 0.968042
 -2.02246
 3.70159
 -2.07645
 -3.10329
 1.20508
 1.59908
 1.40682
 0.443879
 0.649147
 -1.90808
 3.26514
 -2.58265
 2.37317
 -3.52004
 1.99618
 1.57644
 -4.75457
 2.65527
 1.17117
 -1.23531
 2.60289
 -4.41685
 1.29108
 -1.0685
 1.92955
 0.000349065
 -1.77312
 2.06316
 -1.92265
 -1.9207
 2.97063
 -0.0121395
 1.69224
 -3.25572
 3.19562
 -2.15509
 0.0109427
 -2.4639
 1.28651
 -0.27737
 1.20188
 -3.5135
 -0.0810701
 5.38952
 -3.08863
 -1.55931
 3.57988
 -2.54498
 1.25347
 -3.53027
 5.15387
 -2.10914
 2.42824
 -4.97076
 2.55824
 2.31666
 -1.22447
 -0.818115
 -0.59026
 3.87877
 -2.28364
 -1.40713
 -2.14967
 3.76205
 1.8353
 0.693704
 -3.86351
 -1.54748
 -0.492855
 2.52441
 1.11085
 -1.2608
 1.64595
 -4.63242
 2.54632
 1.43943
 2.12924
 -4.73433
 4.09673
 -0.0727545
 -1.3803
 0.875409
 -0.193091
 1.87896
 -2.23931
 3.63388
 -4.92077
 2.94502
 -3.19348
 4.55983
 -5.54222
 2.32815
 0.389158
 -1.19222
 -1.29346
 4.96546
 -5.43237
 4.77045
 -3.49701
 -0.807864
 3.96596
 -1.61874
 1.18822
 -1.28255
 0.627309
 0.159166
 -1.26009
 3.73315
 -4.12462
 3.7162
 -4.72312
 1.88126
 1.43193
 -2.57229
 2.75848
 -1.62157
 -2.16228
 1.89263
 -0.639188
 0.362346
 -1.33034
 -0.979217
 2.50781
 0.10567
 1.10538
 -2.11972
 -1.55028
 0.792623
 3.76392
 -4.19338
 0.51498
 -0.851329
 0.0550386
 0.371002
 -2.16471
 -0.180923
 1.42088
 1.45588
 -1.43357
 1.7707
 -3.97257
 -0.0426937
 0.265843
 1.19676
 0.872873
 -3.84314
 2.76836
 0.14647
 -3.76153
 0.910688
 3.02824
 -2.85053
 2.09827
 -2.34805
 -1.14364
 4.62553
 -4.37667
 2.95736
 -3.85566
 3.82701
 -1.50109
 1.97828
 -1.69624
 0.411059
 -1.37588
 3.0535
 0.0961533
 -2.63484
 3.55392
 -0.560672
 -2.46421
 -0.709275
 4.29174
 -5.22579
 0.19386
 0.51277
 4.00051
 -0.481635
 1.10884
 -5.42347
 1.09905
 0.233058
 -1.36318
 -1.02464
 4.96007
 -4.90687
 1.26802
 0.568696
 2.58097
 -1.23395
 -1.47394
 0.339939
 -2.96852
 4.09801
 -3.88876
 1.53775
 -2.53648
 1.25436
 0.408635
 3.33362
 -0.591482
 -3.33971
 1.66769
 -3.04311
 5.21789
 -4.46003
 -0.197403
 4.60299
 -4.83879
 -0.843256
 0.084406
 4.82852
 -2.27785
 -0.0251395
 -2.53692
 0.93182
 -1.17178
 3.04349
 -2.88058
 0.654176
 -2.00746
 4.46657
 1.08525
 -3.26552
 4.13636
 -1.65176
 0.326658
 -0.18061
 -2.50015
 4.58756
 -5.52054
 3.48214
 -0.0334787
 1.14151
 -0.194286
 -0.952028
 -2.7322
 3.15268
 -2.22656
 1.65649
 1.92272
 -2.14593
 -0.852018
 3.48466
 -0.820941
 -1.23071
 -2.36452
 4.82183
 -0.236696
 -4.78282
 3.2241
 1.4069
 -0.392156
 -3.07237
 0.601811
 4.42119
 -5.14792
 5.33389
 -1.72417
 0.33617
 -4.17167
 3.36846
 -1.28743
 3.19276
 -0.651556
 -3.66796
 3.33576
 1.20646
 -3.2665
 -0.880213
 0.464393
 3.3976
 -3.5405
 -0.771355
 2.92757
 0.860651
 1.38294
 -5.21871
 3.35878
 -3.63497
 1.98568
 1.96738
 -1.3854
 -0.417644
 0.12767
 -1.08296
 1.57548
 -0.326327
 1.03079
 -3.01252
 0.920695
 3.47864
 -5.19167
 2.37032
 -1.01486
 -0.739257
 3.43396
 -4.54654
 5.15755
 -5.72298
 0.823433
 0.51687
 3.17148
 0.234596
 -4.19075
 -1.24274
 0.666837
 4.9924
 -3.50995
 -1.3067
 2.24198
 0.0838434
 1.7786
 -4.54601
 3.76169
 -1.58513
 1.44145
 -0.854578
 -2.93509
 1.98254
 3.12126
 -0.34177
 -3.21997
 2.32923
 -2.69936
 -1.09683
 -0.235029
 -0.283753
 4.93066
 -5.98516
 2.04327
 -0.687421
 -2.00942
 1.15549
 3.12198
 -3.32677
 1.37185
 -1.0989
 0.501398
 -2.13818
 -0.772243
 0.477611
 -0.611895
 2.55441
 -1.3305
 3.69252
 -3.97209
 -0.701737
 4.31012
 0.0583753
 -3.91767
 3.16112
 -2.12596
 3.74995
 0.568711
 -4.45649
 0.782824
 3.4272
 -2.50997
 2.25581
 -1.13975
 2.98381
 -2.54094
 0.782189
 -3.9878
 5.42752
 -3.89887
 4.38208
 -2.1587
 2.09582
 -2.31023
 2.14564
 0.299804
 -1.91379
 -1.47899
 1.74252
 1.59066
 -4.46272
 2.77639
 1.25597
 1.35448
 0.468295
 -2.99881
 2.25354
 -3.65493
 -0.112258
 -0.554072
 2.21597
 -3.75922
 1.80471
 0.0360641
 1.00669
 -2.39807
 1.17993
 1.08127
 0.316495
 -3.11829
 1.45425
 1.98869
 1.8163
 -5.73315
 3.94053
 0.0154871
 -2.79973
 3.87503
 -4.4605
 4.54324
 -3.10927
 -0.885286
 0.858663
 -0.520655
 -0.535644
 2.59542
 1.46351
 -5.62403
 1.93308
 -0.557731
 4.23478
 -0.419036
 0.663069
 -0.677549
 -0.633269
 -3.60881
 2.90956
 2.15718
 0.919703
 -5.80636
 1.27976
 -1.74343
 0.0107672
 1.5556
 -1.42577
 1.63403
 1.08886
 -2.80984
 0.245871
 0.860069
 -2.20789
 5.20815
 -4.84049
 -1.25521
 -0.670947
 2.82396
 0.479315
 0.324033
 1.16009
 -2.28283
 0.625143
 -0.620176
 -0.295177
 -0.598656
 -2.08063
 2.7602
 -1.92701
 0.720014
 0.328472
 0.118085
 -3.29083
 5.43477
 -4.9189
 0.577233
 1.99189
 -2.11221
 4.00465
 -3.74696
 4.16063
 -0.487211
 0.55614
 -4.61012
 1.68442
 2.84997
 -4.13551
 3.34213
 -2.01014
 2.12169
 -0.00909885
 -0.584845
 -1.61859
 -0.467148
 -1.85481
 0.931616
 0.211656
 2.50407
 0.971714
 -2.35816
 2.03077
 -0.375912
 0.0148428
 1.12952
 0.98414
 0.812131
 0.0229726
 1.48701
 -2.95272
 -1.60161
 1.49457
 2.54181
 -3.28434
 1.69022
 -1.82272
 0.35303
 0.254825
 0.108244
 3.2444
 -3.04956
 2.96779
 -1.80902
 -1.8122
 -1.20755
 2.2419
 3.23672
 -2.01287
 0.522285
 0.782595
 -3.82456
 0.592419
 -0.112733
 -0.28785
 4.74423
 -1.66498
 -2.14408
 -0.698414
 -0.321256
 4.46149
 -4.27141
 2.43239
 -3.76263
 4.73799
 -0.964667
 1.83225
 -5.30096
 -0.172518
 4.08892
 1.04657
 -5.03568
 1.76219
 0.478232
 -2.84229
 4.41483
 -4.46818
 3.7796
 -2.86459
 4.36873
 -5.85872
 1.37189
 -2.20518
 5.01459
 -0.882444
 -1.28398
 -1.71665
 1.08441
 0.243878
 -1.09709
 1.09075
 1.00396
 -0.688344
 -2.37995
 5.0906
 -4.77204
 0.34679
 2.69364
 -3.5118
 2.6324
 -0.148071
 1.92153
 -2.08871
 2.85896
 -3.18632
 4.23659
 -2.20682
 -3.04209
 3.5634
 -0.199632
 -1.25414
 3.3711
 -1.10662
 -0.615527
 0.430704
 1.64452
 0.704068
 -3.78312
 -0.460311
 0.578141
 1.69267
 1.92829
 0.460316
 -3.87425
 0.378409
 -1.68507
 5.01735
 -1.55171
 1.16098
 -1.65178
 1.05149
 1.49
 -5.08346
 5.58125
 -4.40325
 -1.03575
 0.71776
 -1.18953
 2.68637
 -3.9148
 2.94239
 1.77795
 0.867665
 -3.1886
 -0.92404
 0.271738
 -1.14455
 3.00722
 -3.0893
 4.25943
 -5.05955
 3.9632
 -1.0492
 1.23692
 1.81086
 0.137065
 -4.35163
 1.66637
 -1.59914
 1.41673
 -1.58252
 0.904233
 3.51057
 -4.38691
 3.73732
 -0.941528
 -2.64533
 3.40679
 -0.798759
 0.829241
 -3.85687
 4.57877
 -5.27412
 1.2347
 3.23194
 -4.16814
 4.3719
 0.0572733
 -4.31835
 1.7555
 3.42607
 -5.31951
 3.30871
 -4.47462
 5.90942
 -1.64497
 -1.56213
 3.10714
 -2.52272
 0.791982
 1.45548
 -0.352412
 -1.34781
 -1.21934
 4.03198
 -2.47939
 1.78491
 -4.31812
 2.79254
 -1.12898
 4.16728
 -0.523116
 -4.01308
 4.11693
 -0.588773
 -2.90911
 1.5809
 1.2093
 0.8286
 -1.03438
 0.451892
 0.326429
 0.274219
 -0.675402
 -2.5835
 2.15583
 2.99108
 -0.394973
 -0.132508
 1.09175
 -0.0415611
 -3.44599
 -0.981514
 3.03214
 -3.56265
 5.71157
 -3.86641
 3.47261
 -0.0559576
 -0.841083
 1.20465
 -3.60127
 1.6989
 2.54605
 -2.64459
 -1.15506
 0.215153
 -1.0904
 -0.478539
 3.42608
 -3.56442
 0.0842933
 2.40897
 -1.95866
 -0.435397
 1.76688
 -1.72079
 0.479436
 -3.26421
 4.35798
 -2.98247
 1.28933
 0.220215
 -1.46721
 3.76947
 -3.41279
 3.3184
 -4.92099
 4.34279
 -3.38531
 -0.362833
 2.2054
 -2.47014
 2.44886
 -1.06072
 -1.68421
 -0.162708
 2.94233
 -1.52234
 -0.999231
 2.14978
 -4.10121
 1.57587
 2.47582
 -1.6398
 -1.521
 -0.89644
 3.08034
 -2.9017
 0.302155
 -1.19054
 4.80229
 -5.79602
 2.92063
 -2.52715
 0.431489
 -2.46816
 1.63849
 -0.885672
 0.849969
 -2.96902
 0.32627
 1.65466
 -2.67509
 5.16408
 -0.380732
 -4.71556
 3.7776
 -2.43682
 0.167303
 3.08873
 -1.23323
 0.289827
 -1.51153
 -1.87768
 3.1283
 -1.63232
 0.794831
 -3.83781
 3.5707
 2.02682
 -3.12848
 1.9472
 -0.796694
 -2.25472
 0.6005
 3.14768
 -2.02221
 1.74823
 -0.440906
 0.899112
 -1.02599
 1.71315
 -1.82296
 -0.396034
 -2.50745
 2.80213
 -0.492814
 -0.797669
 1.91463
 0.0688209
 0.701844
 -0.102441
 0.330266
 -3.2638
 2.09057
 -0.942948
 -0.760385
 4.22252
 -0.521383
 -5.10819
 -0.114603
 1.5606
 -2.00037
 1.49948
 1.72362
 -2.63539
 3.3223
 -1.11916
 2.94316
 -5.58905
 4.05781
 -0.829568
 3.01138
 -2.21356
 -0.046968
 -0.0597497
 3.05689
 -4.85731
 4.20646
 -4.25279
 1.36335
 -2.04206
 1.16515
 0.622913
 -3.04003
 5.66034
 -4.63463
 4.55355
 -3.15067
 1.81398
 -1.36184
 1.7999
 0.869413
 -4.16446
 4.34336
 -4.10381
 0.246732
 3.40701
 -0.369494
 0.0453012
 -0.205186
 0.344702
 1.00289
 -3.01042
 -0.700424
 0.966991
 0.996123
 -0.392043
 0.110438
 2.36037
 -3.20751
 0.209045
 0.264779
 3.01912
 -1.22194
 -1.98648
 4.05707
 -1.91652
 -0.935473
 0.243732
 1.03184
 0.387944
 -3.72418
 0.387055
 -1.23465
 3.07123
 -2.87197
 5.13707
 -1.76006
 -0.541222
 1.57795
 0.948719
 -4.13776
 4.36403
 -3.84071
 2.44108
 0.374153
 0.475896
 0.784811
 -0.0740952
 0.432593
 -3.45328
 3.4058
 1.04405
 -4.98259
 1.5058
 -1.39607
 2.56644
 -2.00794
 -0.996655
 4.93904
 -2.10791
 2.06677
 -1.54217
 -3.42448
 3.9335
 1.39417
 -2.23793
 1.49432
 -1.67337
 0.269322
 0.52106
 1.96034
 1.17764
 0.140191
 -2.50101
 0.993404
 2.01244
 0.649232
 0.610033
 -1.95451
 -0.844041
 2.40034
 -2.57034
 -0.83453
 -0.811905
 1.02908
 3.28917
 -2.61333
 -2.78408
 -0.0150901
 1.29984
 2.48728
 1.06562
 -5.307
 5.274
 -4.52791
 5.56775
 -4.43266
 1.37977
 1.44138
 -3.36857
 2.87827
 -0.298796
 0.24169
 -3.76687
 0.309268
 -0.586852
 -1.12601
 -0.976679
 4.64949
 -5.27744
 1.88612
 2.41445
 -4.1052
 -0.0254721
 1.45429
 2.3277
 -0.204801
 -2.92234
 -0.953516
 4.66552
 0.563176
 -0.928026
 0.127463
 0.659063
 -2.90261
 3.63059
 -0.0948463
 -1.87319
 3.41895
 0.0924029
 -4.04172
 3.47185
 -4.76171
 0.539669
 5.02092
 -3.7613
 2.92798
 -4.76353
 0.980408
 3.59259
 -3.23205
 1.44712
 -2.85562
 0.0291543
 3.18565
 -1.69159
 -1.76466
 1.59888
 -1.14379
 -0.805392
 4.46219
 -0.819753
 -4.07101
 1.11192
 3.92182
 -2.31236
 0.407154
 -0.0576484
 1.29432
 -1.908
 -0.884265
 0.711918
 -0.437115
 0.775634
 1.21636
 -2.256
 -2.45295
 5.11163
 -0.488262
 -1.80901
 0.493977
 -1.55861
 -0.294028
 -1.58691
 4.88901
 -1.45199
 1.00049
 -3.94626
 4.93224
 -3.19044
 -1.5373
 2.44128
 -1.55708
 3.11048
 0.556617
 1.18168
 -4.70393
 1.70874
 0.762014
 -3.23609
 3.11893
 -3.21556
 1.68193
 1.46152
 1.73101
 -0.417639
 -0.39726
 1.79462
 -2.95356
 1.73532
 -0.771543
 0.886864
 -0.198938
 1.90902
 0.309571
 -4.24868
 2.21482
 2.40978
 -2.92378
 -0.704178
 -0.155722
 4.04031
 -3.63569
 2.4713
 -4.32272
 1.83349
 -2.06815
 5.40696
 -0.797022
 -1.2411
 -2.72752
 4.72916
 -4.99938
 5.28332
 -2.21655
 3.37435
 -1.80708
 1.82942
 -0.808816
 -1.17296
 -1.12404
 1.56301
 -1.49109
 3.50337
 -0.289559
 -3.6969
 1.25522
 1.70717
 0.919815
 -4.81686
 1.86604
 -0.703096
 -1.68349
 0.236087
 3.18182
 -1.20786
 2.19849
 -4.23797
 2.81347
 -1.3815
 1.44671
 2.11573
 -3.13518
 -2.42777
 5.18783
 -1.93052
 -1.07785
 3.60128
 -4.11141
 -1.90893
 2.5933
 2.26562
 -2.54709
 -0.40762
 0.24302
 -2.57843
 5.28916
 -0.395654
 0.671181
 -1.57534
 2.3045
 -1.32436
 -0.462821
 -1.25569
 3.70321
 -3.92801
 0.616375
 2.47409
 -0.251242
 0.248253
 0.922048
 1.72748
 -0.372688
 -0.949826
 0.912654
 -0.368407
 2.20116
 -4.07287
 1.97945
 -2.05817
 2.02411
 -3.26225
 0.0902503
 -1.11872
 -0.159955
 4.49219
 -1.07809
 1.10695
 -2.08001
 -1.86403
 -1.01489
 0.884755
 2.97885
 -1.43905
 -1.41617
 -0.495708
 1.63575
 -1.98929
 0.333788
 3.0983
 0.884158
 -3.10937
 -2.81099
 0.40367
 2.9094
 -1.27689
 1.47063
 -0.00613734
 0.000705123
 0.358316
 -2.02605
 -2.10438
 5.50599
 -4.50433
 -1.32
 -0.196556
 -0.369631
 3.03984
 1.24957
 -3.30614
 -2.04276
 2.94278
 0.194315
 0.892036
 -0.36404
 -2.7574
 -1.11244
 4.03767
 0.0162508
 -4.45216
 0.521445
 2.21643
 1.17278
 -1.67267
 -0.783625
 3.09721
 0.810005
 -5.00227
 1.7191
 3.38104
 -4.1581
 4.7008
 -0.288266
 -5.25626
 3.74138
 -3.21959
 3.81408
 -1.58198
 2.39504
 1.2528
 -4.38073
 0.621592
 0.367213
 -1.90787
 3.64887
 -0.814256
 -1.60295
 0.0004
 2.31455
 0.0383167
 -1.69792
 0.652085
 0.863567
 0.791911
 0.228843
 -2.27592
 2.1485
 0.803647
 -3.74514
 0.860374
 4.53181
 -1.78838
 -2.59467
 0.165678
 -0.815506
 3.5792
 -4.60571
 3.70808
 -3.49394
 2.81206
 -4.05164
 4.2502
 -3.11858
 1.75649
 -1.58239
 -1.52347
 2.37035
 0.148218
 -1.99864
 -2.23085
 0.064026
 5.13584
 -4.57377
 0.0568342
 3.56578
 -2.74026
 4.12458
 -1.01598
 -1.52621
 -1.22388
 1.20096
 1.27705
 2.16129
 -1.28897
 1.65443
 -0.346053
 1.41726
 -2.64506
 0.506627
 0.196859
 1.48547
 -4.18375
 0.307129
 3.24615
 1.04662
 0.596571
 -2.92919
 0.134283
 -1.8815
 0.888726
 -0.861297
 3.87123
 -0.286429
 -4.15732
 0.732545
 -2.02683
 0.783635
 3.62652
 -4.64464
 0.563865
 0.771841
 -0.0427723
 -1.78766
 2.99353
 -3.25082
 4.37344
 -0.614035
 -0.2287
 0.039165
 0.7236
 -0.773378
 -2.4109
 3.26795
 -0.0783038
 -3.31166
 2.74038
 0.992674
 -2.30751
 0.49776
 -2.0204
 5.17969
 -0.714529
 0.215858
 -0.45247
 -2.49576
 -0.415206
 0.525511
 -0.523423
 -0.746091
 -0.0118862
 1.07886
 -1.94529
 1.97022
 1.79118
 -2.39858
 1.52897
 0.553524
 -3.20642
 -0.596454
 1.19361
 0.725846
 -2.40741
 -0.507328
 0.389268
 3.93199
 -3.58978
 -0.0117223
 -1.81517
 3.89728
 -2.29055
 -1.13606
 4.54302
 -1.82588
 -2.68433
 2.88639
 -3.85627
 2.66244
 1.91649
 -3.46909
 1.16632
 2.4985
 -3.20819
 1.84294
 2.42333
 -0.526086
 0.353947
 -0.395095
 2.36183
 0.0583868
 0.00492454
 -0.873797
 -1.83794
 2.18125
 1.12142
 -1.82825
 -1.91209
 1.72869
 -2.32854
 5.23963
 -0.912876
 -4.49992
 0.344805
 3.27289
 0.402091
 -2.60705
 1.96364
 0.383614
 0.033001
 -0.365223
 1.35472
 -3.73513
 5.52911
 -4.28597
 2.02135
 1.28906
 0.676215
 -4.59297
 0.695239
 0.296832
 3.63391
 -3.24174
 -1.81924
 2.16092
 0.51766
 2.08972
 -3.15502
 -1.55931
 -0.646806
 3.77752
 -2.39922
 -0.692586
 -1.43957
 4.55565
 -2.81569
 1.31118
 -3.73731
 0.988312
 1.91625
 1.16844
 -0.831469
 -2.09305
 3.78642
 0.736916
 -4.85395
 -0.385113
 4.91202
 1.01209
 -0.657897
 0.230494
 1.04882
 -2.07747
 -1.16896
 -1.69696
 2.98584
 0.945994
 -3.06599
 3.25762
 -3.15213
 1.42372
 -1.15412
 -0.895563
 0.104989
 0.829909
 -0.804141
 -2.08944
 3.27185
 1.73353
 -2.03994
 2.26696
 -1.84914
 -1.35653
 1.54191
 2.71791
 0.199788
 -0.833715
 1.5348
 0.665026
 -3.0953
 -0.00957097
 -0.254448
 0.461631
 3.64611
 -0.821972
 -2.72582
 -1.42963
 3.65774
 -1.69363
 1.10963
 0.648556
 0.249019
 -1.50141
 3.30846
 -0.479548
 -0.847953
 -3.66189
 5.49731
 -2.68901
 3.75956
 -2.87035
 0.662456
 -1.93469
 0.937258
 0.787012
 -0.526387
 3.27788
 -4.22089
 1.29986
 0.503286
 2.16119
 0.985451
 -1.37826
 1.3083
 0.675932
 -2.50482
 1.59731
 2.48393
 -4.99269
 2.97734
 -1.11838
 -0.051542
 3.0588
 -3.39561
 4.57726
 -6.0223
 5.03328
 0.69239
 -4.12904
 2.31964
 -1.05149
 -2.24532
 1.52686
 1.87887
 -2.54501
 3.81072
 0.884023
 -1.16225
 -2.46335
 -1.56768
 2.25104
 3.42102
 -4.69187
 -1.6813
 2.23134
 1.26482
 -2.98022
 3.1115
 -1.61434
 3.7611
 -1.08026
 1.32221
 -3.26564
 1.56736
 -1.23524
 0.800766
 -0.741456
 0.146028
 1.32888
 -2.22724
 1.18321
 3.13747
 -3.89789
 0.824607
 -0.196691
 -2.77744
 2.66779
 -3.32152
 5.55673
 -4.62955
 4.78675
 -0.253365
 -1.91827
 -3.25545
 3.84828
 2.56487
 -2.34287
 -2.82696
 4.89877
 -3.74334
 3.70724
 -4.89631
 -0.12919
 4.55422
 0.462415
 -0.531823
 0.519002
 -3.88986
 3.69815
 -4.28101
 5.7476
 -2.82278
 -1.74636
 2.65244
 -2.695
 -0.906196
 4.34827
 -0.338293
 -1.03662
 -2.57794
 4.6813
 -5.68431
 2.87068
 -1.34096
 4.41008
 -2.39843
 2.31245
 -2.65771
 0.0638231
 -0.0840338
 0.986466
 2.71212
 -5.00348
 5.35135
 -2.81938
 2.27317
 -1.5349
 2.18795
 -0.873829
 -3.03437
 -0.559745
 3.28024
 1.34635
 0.819569
 0.269509
 -0.275654
 1.14608
 0.234005
 -1.414
 -2.17518
 1.29656
 0.491954
 -1.38214
 3.24671
 -4.53851
 0.818887
 4.08629
 -4.2063
 -0.293411
 -0.0460346
 4.48482
 -1.16289
 -1.63073
 -0.900582
 -1.05899
 0.3535
 1.88282
 -3.52432
 2.04707
 -2.80994
 0.984415
 2.29249
 0.419796
 0.216151
 -0.741153
 1.54405
 1.35543
 0.395844
 -4.95801
 -0.0467576
 3.72346
 2.24821
 -4.21932
 0.9813
 0.481472
 0.712953
 -1.48836
 -1.02407
 3.41747
 -0.662382
 -3.91734
 1.62624
 2.40063
 0.804278
 -2.25261
 0.536603
 -0.881658
 -1.2764
 -0.69097
 0.739568
 3.03162
 -3.85475
 3.15863
 1.39424
 0.692388
 -5.5305
 5.36685
 -1.33368
 2.8995
 -0.213214
 -5.29267
 4.61204
 -2.90687
 0.566796
 2.23384
 1.74361
 -4.22336
 4.16958
 -5.26441
 5.36787
 -1.93938
 -0.96604
 -1.81909
 2.90267
 1.86073
 0.115561
 -3.0715
 0.782208
 -0.640304
 -0.727279
 1.0732
 -2.42676
 5.2659
 -3.24301
 3.43583
 -2.43329
 2.94968
 0.0481711
 -1.99544
 -2.19726
 1.89778
 -0.996039
 -1.87134
 2.69981
 0.50142
 1.73582
 -1.32604
 0.173119
 -3.09134
 1.6077
 2.61183
 1.05357
 -0.813267
 0.0931481
 -1.82975
 -0.0632752
 2.4401
 -1.83203
 3.21321
 -0.763137
 1.26023
 -0.941186
 2.01716
 -2.03189
 -1.55864
 -0.211642
 1.73383
 1.20364
 1.21919
 -0.292092
 -1.24624
 3.25693
 -5.71279
 4.76796
 -4.70876
 -0.396367
 3.99952
 -1.32441
 -2.98187
 1.8278
 -0.0732678
 -0.0186176
 -0.268814
 -2.22893
 1.96892
 -2.96596
 0.793802
 -1.86407
 3.57577
 -1.4702
 -1.87223
 1.70273
 1.01365
 0.372474
 -2.65314
 1.17188
 3.41269
 -2.38934
 2.05212
 -1.96152
 -0.0892312
 2.63035
 -1.99196
 -1.51405
 -1.125
 1.8793
 2.00262
 -5.29244
 5.72238
 -1.02775
 -2.42732
 1.66615
 -3.21866
 3.09506
 -3.69868
 4.83739
 -4.21535
 3.466
 -4.40909
 0.183716
 5.16022
 -3.8669
 1.80575
 -0.101926
 -1.3261
 -0.00228626
 0.350403
 -1.00174
 2.21744
 0.332069
 -3.72119
 2.07905
 0.819124
 -1.29954
 -2.86839
 -0.389055
 4.1801
 0.909544
 -0.565214
 -3.25226
 1.6561
 -2.77181
 -0.144709
 1.26321
 0.575827
 2.28624
 -0.888012
 1.06755
 -3.52338
 2.64568
 -4.17716
 2.2359
 -2.39576
 4.66606
 0.476543
 -2.04873
 0.739099
 0.677095
 2.14016
 -4.10422
 1.59038
 0.43669
 -0.403181
 3.45112
 0.0784177
 -2.72516
 -1.38033
 2.52971
 -2.77889
 -0.554211
 0.643525
 -1.86738
 2.44099
 2.373
 -3.87672
 -0.942022
 2.18556
 2.35381
 -2.13043
 2.6124
 0.683852
 0.631474
 0.808396
 -1.76928
 0.231146
 -3.22999
 5.4661
 -3.39775
 0.899752
 -0.118069
 -2.05918
 -1.10428
 0.0933366
 -0.515149
 1.66528
 2.5785
 0.671144
 0.212605
 -3.98382
 1.37197
 -0.128136
 0.528723
 -0.0899302
 -1.37044
 0.656204
 2.08383
 -3.3844
 1.74176
 1.77895
 -1.87038
 2.76352
 -3.13116
 3.7058
 -1.8314
 -0.160782
 1.65217
 -0.169447
 0.900837
 1.49165
 0.83674
 -2.29945
 0.886376
 -3.15364
 -0.478654
 4.84921
 -5.18851
 5.00012
 0.214492
 0.725245
 0.230771
 -0.68063
 2.60438
 -5.99077
 5.67467
 -4.54165
 4.50673
 -1.88207
 1.85559
 -3.49347
 1.17924
 -1.75213
 3.81494
 -2.44548
 3.78251
 -3.63801
 0.701763
 -2.98726
 0.420294
 -0.821824
 4.13176
 -2.66434
 2.95148
 -0.678544
 0.666409
 -0.214846
 -2.58214
 0.454743
 0.143691
 2.48415
 -3.51635
 0.757566
 -1.7489
 2.13285
 -2.5486
 4.69144
 -3.17666
 -1.89152
 4.14107
 -3.8064
 -0.587832
 0.56453
 0.835588
 -2.22833
 1.95542
 -1.49206
 0.504956
 -2.34289
 0.470168
 3.96746
 0.510791
 -4.70913
 3.17301
 -2.56187
 -0.665598
 4.11286
 -2.11513
 0.707921
 0.0482626
 -4.10949
 2.53826
 0.660453
 2.04704
 -0.0935576
 -4.0238
 2.54167
 1.14818
 -0.370447
 0.944626
 -0.786004
 -2.01
 3.99223
 0.370546
 -3.15209
 3.3685
 0.397247
 0.831809
 -2.09941
 2.65214
 -2.27228
 1.65325
 -3.80705
 4.48694
 0.249289
 -4.24835
 1.88813
 0.53935
 -3.34295
 2.34802
 -0.864761
 0.083074
 0.679452
 1.89965
 0.634838
 -4.5132
 4.50528
 -0.656466
 -1.17309
 2.39617
 -3.42645
 3.75923
 0.395105
 -0.562568
 1.31172
 1.03456
 -0.705234
 1.60361
 -0.0632026
 -3.62567
 4.19254
 -2.97555
 4.52054
 -4.90208
 0.449932
 -1.03985
 -0.237481
 1.23276
 -0.856382
 0.869883
 -3.72617
 5.65204
 -5.42886
 4.70522
 -2.54946
 3.95053
 -3.07048
 0.315393
 2.84969
 -3.09524
 3.26335
 -1.46014
 0.0348071
 -2.93659
 -0.496663
 2.05367
 1.59083
 -2.80308
 -0.797159
 3.95997
 -3.68511
 1.51454
 2.14053
 -3.47874
 0.472917
 1.19818
 -1.81127
 4.13708
 -4.5611
 -0.667729
 2.41406
 -2.35238
 3.60992
 -3.95393
 4.20414
 -4.99025
 2.92338
 -1.02195
 3.15848
 -0.463899
 0.773373
 -1.78598
 0.608945
 -0.283175
 -0.231839
 0.0196846
 2.11727
 -2.5167
 4.13773
 -1.6904
 -1.16298
 -0.84519
 2.71409
 -4.66091
 5.65184
 -0.293581
 -4.13405
 4.27905
 -4.71676
 -0.175299
 1.4863
 -1.12319
 -1.11764
 0.390507
 0.63967
 1.90916
 -2.54843
 -0.789588
 -0.991391
 -0.290897
 0.683946
 0.161696
 -2.18865
 2.44607
 -3.79053
 0.0441917
 3.58055
 1.90754
 -2.40095
 -2.61471
 5.0013
 -0.942206
 1.25144
 0.621778
 -2.70703
 0.777828
 -2.76323
 0.0168831
 5.27575
 -3.20609
 -1.51418
 1.65492
 0.131731
 -1.44142
 -1.71522
 0.653492
 4.45019
 -3.45212
 -0.416702
 2.91308
 -3.17207
 1.83607
 1.11634
 0.409005
 -1.84395
 0.947718
 0.262111
 2.04215
 -1.07663
 -1.45518
 -2.77656
 5.84412
 -3.64448
 -1.6232
 3.15404
 0.0920829
 -3.84711
 -0.737743
 1.74662
 -0.0490624
 1.23207
 0.295763
 -3.04109
 3.3198
 -3.49706
 -0.729588
 -0.616176
 -0.383506
 1.83444
 0.220694
 -3.82097
 4.68696
 -1.96477
 0.341493
 2.99139
 -2.53849
 0.361991
 1.38377
 -3.14223
 3.94933
 -0.285136
 0.770244
 1.35053
 -1.30251
 1.50471
 -3.14802
 4.35412
 -4.17302
 5.18488
 -5.67933
 2.30671
 -3.05435
 4.58267
 -1.9436
 -2.05583
 -0.704369
 1.27745
 2.93686
 -0.930191
 -0.907405
 3.28881
 -0.730211
 0.0226432
 -3.57669
 3.35669
 -3.25362
 3.14181
 -1.9695
 -1.68633
 0.709075
 4.10038
 -0.232611
 -1.56649
 0.299657
 -0.687268
 3.05121
 0.765989
 -1.27099
 -1.14648
 -1.41862
 4.41855
 -1.14021
 0.784497
 -0.143358
 -4.04998
 5.48989
 -5.13055
 0.409604
 2.19932
 -1.6574
 -1.19723
 4.08297
 -1.36539
 -1.99618
 -1.4756
 0.809493
 0.78731
 -1.60725
 -1.25971
 0.819153
 3.18499
 -4.69056
 -1.01178
 1.15617
 2.15891
 -0.236818
 -2.84111
 3.08624
 -2.73194
 1.68222
 0.246188
 0.0163289
 2.93009
 -5.73395
 2.54086
 -3.45326
 2.64543
 2.13971
 -0.373387
 -0.813092
 2.35246
 -2.69197
 1.72311
 -2.26639
 2.83812
 -0.802571
 -2.79669
 1.47521
 2.60242
 -1.28066
 -1.13636
 -1.80568
 3.16193
 2.08811
 -4.56038
 -0.212414
 1.40129
 -2.28742
 2.21678
 -3.23026
 2.42213
 -2.47504
 -0.986495
 5.0667
 -4.37943
 -0.877548
 3.83865
 -4.66164
 3.32677
 -2.80697
 2.97235
 -2.58871
 4.36914
 -1.67417
 1.7081
 -2.9089
 -0.627756
 1.4297
 -2.89094
 1.25168
 0.819194
 2.30753
 -2.19981
 -0.310198
 -0.719896
 2.17885
 -1.40299
 -1.56381
 4.53817
 -0.474041
 0.436273
 -2.36015
 -0.471519
 2.13229
 -0.306715
 1.419
 1.08053
 -0.703837
 -1.19744
 1.11266
 -1.2551
 1.73848
 -3.66327
 2.51054
 1.31182
 -4.38079
 3.66626
 -0.358497
 -0.18164
 0.0180023
 -1.39712
 1.14004
 0.0607109
 2.23625
 -4.13207
 1.18612
 1.64095
 2.69198
 -0.349053
 0.118093
 -3.29572
 3.05402
 1.56042
 -4.76593
 2.6328
 -3.26742
 1.46209
 -1.49435
 -0.944256
 3.87991
 -4.89923
 1.49413
 3.2337
 0.715065
 -2.88888
 -2.2647
 -0.231695
 3.08352
 -3.11103
 4.36258
 -0.49355
 -3.23041
 3.96286
 -0.0776367
 -0.813915
 0.857308
 1.80889
 -1.67149
 0.807518
 -1.40606
 -2.15074
 5.38126
 -2.58488
 -0.102838
 2.2675
 -0.557588
 2.15592
 -4.27237
 3.48006
 -0.0725977
 -4.28891
 5.53663
 -0.0244852
 1.48538
 -2.44272
 -1.1197
 -1.5564
 3.23975
 -3.96161
 1.12015
 2.94593
 -0.39851
 -1.70685
 3.2014
 -1.15812
 -1.32966
 2.30203
 -3.02636
 5.11652
 -1.99781
 -2.37558
 0.999231
 1.79211
 -1.57548
 -2.1865
 3.54245
 -3.33895
 4.66826
 -4.47023
 -0.310634
 2.12819
 1.48799
 -0.259037
 -0.431178
 -1.93149
 2.13257
 0.79509
 -0.898872
 -2.55563
 1.91362
 -0.931688
 4.01556
 -2.99886
 0.969452
 -0.0730602
 2.22483
 -5.39189
 2.29275
 -2.50795
 1.91385
 -0.609918
 2.18625
 -3.32816
 2.09737
 1.77954
 -2.30658
 3.0798
 -0.0198952
 -4.12776
 3.13354
 -1.66146
 0.890017
 2.10874
 -1.89913
 1.66508
 0.57551
 -4.44697
 2.58449
 -1.16
 2.99043
 -0.559182
 -0.984037
 -1.07156
 -0.704164
 4.55725
 -2.96031
 1.84399
 -2.15601
 2.05481
 -3.28046
 1.91145
 1.32791
 1.36456
 -3.54166
 2.6624
 1.94398
 0.574009
 -5.67951
 3.98175
 0.0357794
 2.1855
 0.577991
 -4.88604
 5.16523
 0.13059
 -2.70715
 -2.30205
 1.96888
 3.52133
 -0.261546
 -4.4922
 1.13686
 0.225481
 -0.238288
 2.66053
 0.864518
 -0.582993
 1.0996
 -3.29212
 1.69855
 0.439453
 -2.85432
 4.89957
 -5.77043
 1.48741
 4.37004
 -1.69688
 2.12031
 -2.76618
 2.23877
 -3.49224
 -0.178917
 1.51942
 -2.13973
 1.00004
 3.85689
 -5.20425
 4.04939
 -4.07007
 0.122508
 1.03274
 -0.541092
 -0.509779
 0.725956
 1.6274
 -4.10034
 4.8904
 -2.32675
 -1.69085
 -0.352642
 1.53938
 -0.812159
 2.46044
 0.83552
 -0.420895
 -0.654197
 0.97884
 0.91898
 -4.17592
 3.24647
 -0.687268
 -1.25018
 -0.312323
 3.46763
 -1.19901
 -2.01614
 -0.9302
 -0.544301
 1.88918
 0.278906
 -2.06539
 -1.42364
 5.20804
 -3.48467
 4.15174
 -5.69051
 -0.411814
 4.46701
 -1.19245
 0.0889336
 -1.05819
 -0.0330237
 3.5996
 -1.58222
 2.19265
 -3.85433
 3.28175
 -3.38523
 2.38466
 -0.308003
 -2.72887
 4.94
 -5.67967
 0.132189
 4.85905
 -0.603772
 -0.264876
 -2.83994
 0.837084
 2.87679
 -5.30081
 3.46864
 1.81944
 -2.50113
 0.0281026
 -3.12586
 0.782763
 0.524776
 0.0300349
 3.31184
 -4.33144
 -0.15305
 0.858379
 3.81471
 -5.89681
 1.85856
 1.51614
 -1.42916
 -0.730311
 -2.59054
 4.98027
 -2.33162
 2.9211
 -0.132328
 -1.07583
 -3.2762
 4.7828
 -5.04981
 -0.266532
 1.34698
 3.82598
 -4.3366
 -0.610871
 3.82405
 -3.21612
 -1.67164
 3.66134
 2.04884
 0.0241375
 -0.384126
 -1.79872
 1.79265
 1.19034
 -4.62636
 3.47395
 -3.49484
 1.80282
 -0.935052
 -1.28308
 -0.212807
 0.0181212
 0.101604
 -2.54834
 3.76574
 -1.84895
 -1.10135
 4.23746
 -2.73174
 -2.73762
 2.50705
 1.04666
 0.618955
 1.32548
 -1.38869
 0.360291
 0.00878904
 -3.37779
 1.00765
 0.80114
 0.863492
 -1.08941
 1.36522
 -2.37577
 3.11179
 -1.0018
 2.89716
 -1.80447
 1.85691
 -3.41083
 4.56658
 -1.84261
 2.78326
 -5.39343
 0.0303407
 4.05785
 0.580106
 0.970719
 -0.617242
 -4.37244
 1.11087
 0.543447
 0.155601
 0.629069
 -2.3745
 1.24014
 -2.25552
 2.14437
 -2.24847
 0.835517
 0.556611
 -3.13303
 5.29904
 0.728289
 -3.20708
 2.57547
 -5.23328
 4.96249
 -2.63561
 2.37367
 -0.129195
 -0.462299
 2.23307
 -0.489509
 -3.62644
 -0.292995
 4.72544
 -1.75651
 -0.6673
 1.10095
 -2.41393
 0.509155
 3.4457
 -5.45241
 0.753727
 -0.742291
 4.99976
 -2.34176
 0.29147
 1.23261
 -4.47011
 0.176477
 4.82385
 -0.533135
 -1.11396
 0.756961
 -0.581676
 0.0699942
 -1.3533
 1.48902
 1.87655
 -0.442117
 1.83684
 -1.02163
 -0.182106
 -1.54916
 -0.446362
 0.652774
 -2.59085
 0.262568
 0.430607
 3.5953
 -5.38554
 1.00833
 2.85325
 0.588631
 -0.301633
 2.24492
 -5.05252
 1.29072
 -1.49467
 -0.118523
 4.69303
 -3.84845
 3.88125
 -3.1299
 3.87344
 -0.139237
 0.377053
 -3.34603
 2.49595
 -2.88233
 3.44632
 -1.15077
 -1.34613
 0.310388
 0.233104
 1.13431
 -2.33348
 -1.00673
 4.78075
 -1.80334
 -3.2099
 4.41157
 0.157217
 0.256647
 -0.878787
 2.81309
 -3.35658
 -1.13845
 2.55973
 2.31896
 -3.30944
 0.154794
 0.99632
 -2.95315
 1.15574
 -2.21834
 -0.201731
 4.3271
 -1.83264
 2.79018
 -4.15941
 0.395309
 0.967379
 1.81137
 -1.58745
 -2.24443
 3.69609
 -4.60731
 4.40046
 0.486078
 -4.29469
 2.11979
 -1.18331
 2.27092
 0.173726
 1.49199
 -4.63543
 0.855751
 -1.25904
 3.64169
 -1.53126
 0.383795
 -2.75391
 2.96465
 2.43434
 -1.66872
 -2.17921
 3.31511
 -1.85979
 1.46791
 1.82963
 0.276
 -0.920607
 0.937101
 -4.38909
 4.33896
 -1.22356
 2.04203
 -1.63441
 -0.993976
 4.10406
 -0.778054
 -2.71667
 0.141049
 2.35991
 1.69991
 -5.05208
 0.324607
 0.888921
 -0.849701
 3.77185
 -3.83995
 3.6899
 -2.66084
 3.99571
 -5.28438
 0.736425
 3.13663
 -0.500394
 -1.91362
 1.52868
 2.43027
 -3.84128
 3.01601
 -2.55065
 0.0368828
 3.23374
 -1.91493
 -1.35589
 -1.42055
 -0.469848
 2.61394
 -3.71225
 2.33519
 -2.98396
 1.03006
 -1.35862
 4.25494
 -4.15183
 0.528013
 0.932115
 1.10188
 -2.05488
 1.14688
 -0.922904
 1.81766
 -1.03808
 1.84876
 -0.336363
 1.91195
 -4.36521
 2.22291
 -1.66603
 5.01013
 -1.34909
 -4.01084
 5.07445
 -4.99457
 3.82856
 -3.62805
 1.49253
 1.04081
 -2.92868
 4.653
 -3.54278
 -2.12581
 0.0313856
 0.162065
 3.32999
 -0.355097
 -4.46087
 1.52571
 2.43635
 -4.15641
 2.53381
 0.690223
 -1.16209
 1.6212
 -4.07116
 0.92069
 2.44577
 -4.31137
 3.87635
 -1.9686
 -1.63066
 -0.207729
 1.75871
 -0.848251
 -0.991216
 3.55532
 -0.999177
 -2.3834
 4.04446
 -3.55039
 2.9006
 -5.06605
 3.12016
 -2.0022
 2.255
 2.40992
 -3.27066
 -1.85451
 3.55854
 -2.3083
 1.11467
 -2.24733
 3.03818
 0.889551
 -5.04576
 4.80036
 -4.79029
 5.65747
 -0.185563
 -1.14752
 1.04652
 -0.978015
 0.015084
 2.86555
 -3.64371
 3.98714
 -2.17834
 2.14872
 -1.80413
 -0.991808
 1.79085
 -4.03288
 4.62554
 0.219458
 1.48111
 -3.98613
 -1.66391
 0.53892
 4.90676
 -2.71775
 -3.26334
 -0.142011
 1.2944
 2.82244
 -0.446789
 0.660093
 -0.497486
 -3.55978
 4.81791
 -4.07858
 -0.310049
 1.67164
 1.39474
 -2.46435
 -0.138316
 2.1735
 2.49015
 -4.64732
 2.40866
 -0.0986039
 -3.34035
 3.53303
 -4.47878
 2.91118
 0.909161
 -2.09179
 2.33065
 -4.83926
 2.96216
 -2.48919
 1.67608
 -1.57382
 3.53407
 -3.66624
 -1.1576
 2.59576
 1.99055
 -3.4041
 2.89071
 -3.48243
 0.98152
 3.56748
 -4.6166
 1.65388
 -0.992224
 -1.4815
 0.181423
 -1.49097
 1.50379
 0.946501
 -2.77016
 2.65739
 0.534581
 -2.86303
 -0.447333
 2.13647
 -2.27238
 4.3504
 -0.837807
 -1.13529
 -2.26117
 4.4555
 -0.263435
 1.75473
 -1.87258
 -2.95374
 2.88774
 -1.05907
 1.00518
 1.35063
 -2.72402
 1.27907
 1.97868
 -3.75958
 -0.4634
 0.963248
 1.31704
 1.3525
 -3.583
 0.649914
 -1.45128
 5.10008
 -3.67519
 1.95
 -1.59132
 3.51896
 -5.74692
 1.31947
 4.68031
 -2.95972
 -1.60042
 3.70415
 -4.97927
 1.78466
 1.64552
 -3.39878
 1.85501
 3.09305
 0.126447
 -4.73996
 5.52854
 -2.72496
 2.3439
 -3.35044
 -0.912762
 -0.0286531
 0.158349
 3.61744
 -5.13897
 0.768077
 0.863986
 0.0243112
 3.47464
 -5.83308
 -0.037032
 -1.29533
 2.47595
 -1.57028
 4.21361
 -2.80519
 -1.36182
 3.82503
 -3.15491
 -0.359429
 -0.830152
 0.217679
 -0.0731813
 0.166077
 0.012492
 0.277372
 -1.52009
 1.34666
 -0.492345
 -0.400845
 0.0569424
 -2.01218
 -0.0555976
 3.4676
 1.27815
 -5.36221
 2.5829
 2.79227
 -2.90621
 1.36417
 -3.96302
 3.99917
 1.53483
 -1.77243
 -3.47483
 4.22992
 0.863371
 -3.94332
 1.49302
 0.0768563
 0.514511
 0.610348
 -2.47887
 -0.891951
 1.80832
 -1.71535
 -0.281266
 2.59851
 -3.7066
 2.48513
 1.8234
 -4.10498
 0.785315
 0.267166
 2.26355
 -0.4374
 0.189645
 -0.520389
 -1.21849
 -0.828019
 -0.158036
 3.30662
 -5.07342
 5.43654
 0.465507
 -0.443222
 -0.546215
 -1.3293
 2.31526
 -2.14523
 3.31437
 -0.936046
 -0.198329
 -1.76677
 -0.0923617
 4.25727
 -0.788231
 -2.53058
 -1.47282
 3.67834
 1.0459
 -4.63285
 1.58361
 -0.284441
 3.99934
 -1.37123
 -0.701802
 -3.01395
 -0.07642
 3.5888
 -2.57271
 0.430452
 2.30727
 -3.13873
 -1.52794
 -0.529926
 0.755441
 1.6205
 -0.939911
 -1.04637
 3.44061
 -4.93472
 2.28645
 -0.843781
 -1.3347
 0.902982
 0.966831
 2.73916
 -2.97046
 0.319023
 -1.45167
 -0.362978
 -1.01447
 -0.216321
 3.25665
 -1.24045
 -0.340907
 0.769997
 -2.53966
 2.51958
 -3.45017
 -0.554227
 1.80781
 -1.73408
 2.64577
 -3.98983
 2.01523
 3.15248
 -5.49128
 1.85116
 0.258975
 -2.29903
 0.770126
 0.939647
 -0.733208
 2.00833
 -3.88242
 0.664487
 -1.81997
 5.00396
 -4.13451
 0.230748
 3.90444
 -0.288646
 0.86055
 -1.44952
 2.06212
 -1.39435
 2.77929
 -1.3512
 -3.29165
 4.49339
 -0.410615
 1.17003
 -4.11182
 1.0779
 3.91152
 -0.762658
 -4.02269
 1.4402
 2.53814
 -3.5426
 4.06758
 -3.24367
 3.73109
 -1.59608
 -0.104267
 -3.23966
 3.58663
 2.1205
 0.0869556
 -3.47975
 3.70582
 -2.32253
 -1.2594
 3.77013
 -4.01159
 3.56446
 -3.73356
 2.47673
 1.4826
 -1.36079
 1.73773
 0.406729
 -3.71938
 4.71589
 -1.1026
 -2.10848
 1.97424
 -3.86782
 1.31318
 2.09819
 -4.51749
 4.55165
 -3.96323
 2.05852
 1.91982
 -1.46687
 2.97211
 -5.18604
 5.22719
 0.421776
 -0.0581432
 -1.16973
 -2.44952
 3.95741
 0.841596
 -1.68704
 -3.50221
 1.10231
 3.59301
 -4.26889
 0.553784
 3.02277
 -2.16491
 -2.99233
 4.13537
 -0.234894
 -2.94948
 0.902662
 -2.1132
 4.3851
 -0.992449
 -1.88466
 0.440881
 1.57262
 -0.388262
 -2.46043
 -0.734702
 1.42328
 -1.56649
 3.12285
 -2.56968
 0.543148
 1.04865
 1.98763
 -4.65727
 -0.947987
 5.28908
 -2.45944
 2.40713
 -2.68006
 1.71496
 -0.0158837
 -2.0601
 -1.47692
 1.6701
 2.7151
 -0.929887
 0.161909
 -2.74758
 2.44218
 -0.953227
 1.86496
 -3.17605
 -1.31503
 -0.714325
 -0.426964
 2.57301
 0.264394
 0.417409
 -1.42042
 3.58026
 -4.68905
 2.36521
 1.62523
 1.63564
 -4.97974
 1.07773
 -1.82925
 -0.234335
 3.34041
 1.35209
 -4.33512
 2.61165
 -1.36688
 -1.35405
 -0.233227
 2.67078
 -2.00973
 2.72132
 -1.92134
 -2.01228
 3.43524
 -0.976793
 1.80075
 -0.987188
 2.46606
 -0.643579
 -0.0384254
 1.90403
 -3.15395
 2.40145
 -4.98434
 5.87941
 -5.38475
 0.143256
 1.50226
 0.922572
 -3.58329
 4.1149
 -0.00904971
 -3.77396
 0.909976
 -1.98609
 0.151647
 3.45159
 -1.86949
 -1.55776
 3.82622
 -2.98551
 1.00692
 2.28483
 0.938824
 -2.38057
 -0.36918
 3.44374
 -0.365204
 -1.83687
 -0.64933
 3.52798
 -3.36997
 -1.72886
 4.89499
 -3.92206
 -0.036403
 1.38078
 -2.92273
 5.10432
 -0.147952
 0.347529
 -5.09056
 0.755117
 4.85161
 -2.81243
 2.87263
 0.0633267
 0.299729
 -2.46445
 1.26321
 -1.56027
 3.78922
 -3.11041
 3.28981
 0.851346
 -1.74765
 -2.23263
 -1.57072
 3.5247
 0.165138
 -0.973883
 -3.43694
 4.40339
 -3.61417
 2.02056
 -1.86352
 4.0735
 -4.06358
 -0.85914
 0.830275
 -1.97265
 1.81709
 -0.667031
 0.535096
 -2.12283
 2.75439
 0.54794
 -3.00308
 1.46628
 2.89356
 -2.16973
 -0.612418
 2.5468
 0.428686
 -0.983112
 -3.12708
 4.99034
 -3.87419
 2.7222
 -0.292637
 -1.56883
 -0.738367
 3.52703
 -0.61655
 0.725389
 1.22435
 -2.37624
 1.01428
 3.11527
 -1.61686
 -4.01653
 1.09533
 2.73084
 -0.620853
 -3.49406
 1.15097
 2.25266
 -0.123164
 -2.43613
 -0.346152
 3.63886
 -2.48972
 0.976073
 -2.04416
 4.39841
 -0.361642
 0.0393853
 -3.26484
 -0.61649
 2.6593
 -0.0464023
 -1.18768
 0.549531
 0.845774
 -3.44357
 3.76884
 -0.00492305
 2.27852
 -4.49668
 1.5613
 0.133419
 2.20934
 -1.32428
 -1.17129
 -2.25498
 5.06348
 -1.31696
 -1.02846
 0.969631
 -3.56933
 2.50922
 0.0467258
 -1.58553
 3.09579
 -4.96377
 2.35697
 -0.0671256
 1.61229
 -1.31178
 0.260271
 -2.9666
 1.88034
 -1.43391
 3.34523
 -2.34184
 2.11821
 -2.12762
 0.0200442
 -0.60018
 3.69473
 -5.52965
 3.8427
 -4.40628
 5.32453
 -1.72958
 1.44129
 -0.0574673
 1.04383
 0.288016
 -1.54398
 -0.930528
 3.17763
 -2.13872
 -0.447896
 -2.56139
 -0.313985
 -0.305989
 2.89807
 1.13931
 -3.38446
 0.300611
 1.07884
 -2.31074
 1.04923
 -2.68686
 2.1477
 1.1065
 -0.0858571
 2.45111
 -1.82484
 0.14261
 -3.28127
 5.62983
 -3.93067
 4.53519
 -4.73133
 1.24318
 -0.51069
 0.0495626
 -2.92441
 5.6811
 -0.46985
 0.147925
 -5.25308
 2.0835
 3.24989
 0.109373
 -0.0526904
 -3.24143
 2.46225
 -3.49201
 1.99435
 2.76563
 -4.35421
 -0.361556
 2.11627
 -2.71497
 2.76321
 -0.870915
 -0.85874
 2.93335
 -2.18655
 2.14322
 -2.79408
 3.21679
 -1.43319
 -3.36443
 3.20646
 0.881808
 1.54899
 -0.588878
 -3.94228
 4.50683
 -1.66485
 2.84322
 -0.632984
 -3.89154
 0.392367
 0.757997
 -1.44234
 0.829177
 -2.72075
 0.200297
 0.00369455
 0.816121
 -0.117558
 -3.01083
 3.81226
 0.588487
 -2.1498
 -0.542429
 -2.4413
 0.0973289
 -0.0925259
 -1.02746
 0.323262
 1.76156
 -1.1198
 -3.13773
 0.438025
 1.39398
 -2.36308
 3.8243
 -1.09459
 -1.9674
 2.99702
 1.1021
 -4.81107
 4.39648
 0.0271457
 -1.50902
 2.03029
 1.13152
 -4.80541
 0.932951
 1.25066
 -1.8281
 3.96004
 -1.44017
 0.983607
 1.19132
 -1.36041
 0.103502
 0.869974
 -1.44859
 -1.09952
 3.95491
 -2.76336
 4.12032
 -4.10689
 -1.20293
 3.10095
 -1.9924
 3.45516
 -1.8892
 -1.21253
 -2.81453
 0.779265
 4.78533
 -4.93006
 0.322391
 0.18679
 -1.47334
 4.63657
 -1.91511
 1.94388
 -1.03039
 -1.18612
 0.721337
 -2.81586
 1.99459
 0.0458973
 1.3752
 1.37423
 -0.946514
 0.254501
 0.664036
 0.458399
 1.21218
 -2.77662
 3.18518
 0.812268
 -4.33711
 1.83929
 3.38562
 -1.787
 -1.24491
 2.73394
 0.386939
 -4.49947
 3.23003
 -3.30235
 -0.226003
 5.21011
 -2.4979
 -3.30548
 1.7024
 -2.30603
 5.46802
 -5.81589
 1.95498
 -2.38831
 2.23119
 -2.99298
 3.44061
 0.134306
 0.0646932
 1.99065
 -1.18257
 0.449695
 0.888394
 -2.83812
 1.02789
 -0.070616
 1.95319
 -3.15767
 4.52593
 -5.57318
 4.99476
 0.758392
 -4.23709
 -1.03447
 0.733935
 -0.451381
 -0.876312
 4.83714
 -5.53926
 3.60541
 1.58019
 -2.84892
 1.28557
 -2.08074
 3.10671
 -4.62055
 2.37669
 -1.08674
 4.53001
 -5.79899
 0.738411
 3.49568
 1.61186
 -2.05602
 -0.392259
 -0.987186
 2.26925
 0.0227593
 -2.8127
 2.42989
 -0.00112764
 2.01807
 -4.27738
 0.851684
 2.6851
 -4.10728
 5.06473
 -1.60252
 1.08798
 0.285889
 -2.74
 -0.0302769
 0.0304013
 -0.215922
 2.51969
 -1.55139
 0.614037
 -0.109778
 2.27461
 -2.17548
 2.88622
 -4.93246
 3.41933
 -0.519787
 -3.29961
 1.00417
 -0.355715
 3.97588
 -2.20129
 1.35204
 -3.28116
 -0.775554
 2.61964
 -0.559471
 -0.00428645
 2.5405
 -1.98096
 -3.17308
 1.32773
 3.0571
 -2.15175
 -0.601926
 1.82791
 -1.45149
 1.5245
 1.5932
 0.230424
 -0.635737
 0.60999
 -1.8897
 2.68962
 -2.3823
 0.786544
 0.720951
 -3.49786
 2.42764
 -1.49719
 2.03302
 -4.05815
 1.89841
 2.52813
 0.752354
 -2.12694
 -0.646917
 2.52777
 -4.00632
 1.17544
 -0.30451
 -0.315708
 1.27566
 1.331
 -0.0371259
 0.284715
 1.76373
 -4.13503
 4.16772
 0.153989
 -3.7757
 0.875117
 4.36856
 -0.476127
 -0.306922
 1.72972
 -3.75969
 2.83105
 1.68751
 0.382258
 -0.00343443
 -5.14159
 5.84349
 -2.60658
 2.56945
 -3.99133
 3.81524
 -4.57366
 1.43692
 1.70715
 0.264731
 -4.42215
 4.86568
 -0.154216
 -3.49765
 -0.37208
 4.87346
 -1.37521
 1.52146
 -0.570443
 1.19824
 -4.95284
 5.76955
 -2.96692
 1.80205
 -0.28932
 1.72229
 -1.14883
 -3.15715
 1.6998
 0.753942
 0.829193
 1.76635
 -2.50532
 2.40597
 0.7004
 -0.369582
 -3.15487
 -0.0513534
 4.11249
 -3.21793
 -0.822052
 4.39689
 -1.60062
 0.327496
 -2.37487
 3.82931
 -4.16535
 3.4873
 -1.10665
 1.85845
 -2.68836
 0.191093
 2.07588
 -0.013114
 -0.375905
 -3.51969
 3.30151
 -1.12483
 3.91281
 -4.32903
 1.51649
 -0.0296205
 -2.251
 0.0273245
 3.84345
 -5.1916
 -0.525136
 2.89948
 0.461503
 -1.89887
 -0.304429
 0.490984
 -0.492788
 0.609766
 0.445795
 -2.41753
 3.79271
 -0.958193
 -3.37513
 2.25704
 0.434766
 2.18004
 -2.31807
 2.10612
 -4.48872
 3.66432
 -3.16289
 0.719846
 -1.42873
 1.96811
 0.172924
 1.03758
 -0.296332
 0.819398
 -3.4732
 -1.22531
 0.0859483
 4.7681
 -0.0309382
 0.00321639
 -1.24128
 2.08931
 -0.380669
 -2.14516
 -1.93473
 4.12043
 -2.47981
 -0.167231
 -0.285396
 0.531173
 2.19313
 -0.343241
 -0.920386
 -1.94909
 1.75023
 -1.87941
 0.05807
 4.29153
 -4.99876
 3.34492
 -1.10153
 -2.62737
 4.46767
 0.687401
 -1.89839
 1.53026
 0.489749
 0.644254
 -4.26914
 3.36775
 -2.02742
 3.6355
 -1.10946
 -3.13079
 3.69476
 -0.172913
 -3.95317
 3.1594
 -0.375508
 2.78149
 -2.16284
 1.45642
 -4.9079
 4.79189
 -1.9859
 0.585249
 2.02176
 0.781909
 -3.8628
 2.11391
 -1.758
 2.52041
 -2.69425
 3.9374
 -1.19137
 1.02598
 -2.47926
 -1.13587
 -1.10609
 -0.392257
 -0.75648
 -0.478731
 2.56112
 -2.06718
 -1.66785
 2.69141
 2.53014
 -1.28356
 -4.4578
 1.02931
 -0.499428
 -1.317
 1.11308
 3.98632
 -0.331479
 -5.34149
 -0.122718
 1.42138
 0.97531
 -3.26777
 0.100117
 4.87169
 -1.14194
 -1.48571
 -1.74131
 1.94846
 2.48078
 0.0130159
 -4.92401
 -0.690502
 3.16361
 -1.48974
 -0.536978
 -2.47483
 5.56934
 -2.72069
 2.97352
 -5.50797
 2.07249
 3.50627
 -0.712227
 1.14185
 -5.44145
 5.12926
 -4.95785
 0.043983
 1.86614
 -1.53582
 -1.13338
 -0.31639
 -0.672124
 -0.766667
 2.44881
 0.803921
 -0.706658
 -0.086446
 0.807304
 -2.90432
 3.20559
 -3.85778
 2.45682
 -0.693288
 -0.384887
 -2.563
 3.9325
 1.27687
 0.285944
 -5.30012
 -0.00281963
 2.49559
 2.6562
 -2.63519
 0.588642
 -0.773102
 0.14007
 -2.59722
 2.56711
 3.00582
 -5.10885
 3.47124
 -3.30303
 0.136756
 4.65934
 -4.76462
 1.9371
 2.36771
 -3.76849
 0.600967
 0.305624
 -1.25787
 -0.667676
 1.25974
 -1.39512
 -0.718099
 2.75621
 0.814315
 0.373262
 -4.30177
 -0.279207
 3.25162
 1.34324
 -1.60362
 2.01952
 -3.98709
 4.94298
 0.277101
 -1.7192
 -1.78841
 4.71054
 -3.28672
 -0.664914
 -0.767819
 4.37053
 -4.94813
 0.00401254
 4.84316
 -2.28342
 1.67324
 -4.31345
 1.71618
 0.678006
 -2.42668
 3.85283
 -1.15137
 -1.98649
 3.7613
 -0.39482
 -3.46575
 -0.706921
 3.23094
 -2.09284
 -1.68719
 4.22657
 -1.60485
 -0.760818
 -2.91714
 1.67174
 1.00245
 2.1141
 -4.14269
 4.72141
 -0.984127
 0.0167413
 -1.95405
 1.69289
 2.81884
 -5.5957
 1.97803
 -1.53653
 4.60136
 -4.79609
 -0.950511
 2.99679
 1.70765
 0.683174
 -2.38852
 1.12178
 1.33359
 -4.74399
 4.60826
 1.36998
 -2.04548
 -0.484523
 0.492695
 -2.6063
 2.68496
 -2.60037
 -0.300116
 3.51443
 -0.152438
 -4.4009
 0.747384
 1.61861
 -0.175215
 2.36143
 -1.26064
 -0.0669944
 1.93303
 -2.95181
 0.159029
 4.12042
 -0.799538
 1.03865
 0.19542
 -2.49444
 1.40288
 -0.856284
 -0.952466
 0.256866
 -2.38689
 0.810169
 0.220178
 1.76663
 -3.41241
 3.46513
 -3.63444
 5.33272
 -1.77618
 1.16373
 -3.39909
 1.63376
 -1.33429
 3.44073
 -2.28533
 3.86305
 -5.17034
 -0.564183
 4.67787
 -4.56216
 2.07187
 -0.884624
 3.98673
 -3.38361
 3.30857
 -2.18559
 0.311663
 -0.279844
 3.06534
 -4.68945
 1.60732
 -1.25979
 1.71694
 1.88797
 -1.71512
 -1.05903
 -2.02542
 1.68123
 -0.592842
 0.0551831
 0.567829
 -2.45542
 4.34902
 -2.18499
 0.894617
 -3.25573
 0.315891
 -0.29004
 -0.887799
 0.0773809
 2.05718
 -0.486058
 -0.535265
 -1.13774
 4.32415
 -2.82602
 -0.723318
 3.56552
 -3.41399
 0.338202
 -0.200082
 -2.46413
 2.43204
 -2.81659
 -0.350619
 0.487248
 4.20617
 -4.61337
 0.125788
 2.4314
 -3.58715
 1.88518
 1.34295
 2.27992
 -1.63167
 1.54333
 -0.259667
 1.70832
 -1.99119
 -0.410903
 0.648392
 0.583438
 -0.124758
 0.0791063
 2.86918
 -0.301024
 -1.05991
 1.34331
 -4.44624
 4.75305
 -3.99173
 2.62234
 -2.57148
 -0.0696651
 -1.99716
 4.10258
 -4.68326
 0.150917
 1.53284
 -1.19489
 -1.149
 0.874073
 -2.77722
 -0.237027
 2.50026
 1.12912
 -4.25302
 1.19126
 2.13388
 0.240045
 -3.9795
 2.02823
 3.09329
 -0.903566
 0.29734
 -1.39955
 -0.203542
 0.426401
 1.0277
 -3.73764
 3.09273
 -3.4157
 3.87704
 -3.06851
 2.51142
 1.67779
 -2.16768
 -1.3657
 2.19829
 1.82255
 -0.0547525
 -2.31308
 4.05902
 -5.36937
 0.0411182
 -1.33138
 5.31083
 -3.70955
 -1.28297
 3.43063
 -3.58104
 2.8853
 0.863487
 1.39801
 -2.32856
 -2.97268
 4.14713
 2.15938
 -3.77079
 -0.546482
 1.1249
 0.644659
 0.00913995
 2.1419
 -3.52502
 2.69106
 -3.09826
 4.75323
 -2.44066
 1.9544
 -4.83212
 5.43226
 -0.337831
 -2.15561
 1.583
 1.35677
 1.13724
 0.235998
 0.316467
 -1.04248
 -3.37632
 4.26948
 -1.07097
 -0.454539
 -0.872381
 1.92582
 -3.74063
 1.31738
 0.510404
 3.02853
 -0.862859
 0.846324
 -4.73399
 0.190191
 -0.524713
 2.66214
 2.28508
 -5.59778
 4.73223
 -1.37332
 1.64222
 -3.3659
 4.40802
 -0.558061
 -2.26403
 4.25785
 -4.01289
 1.14939
 0.451222
 0.551175
 1.91825
 -0.681185
 2.31867
 -0.874468
 -3.23352
 2.63789
 1.45841
 -2.96786
 0.336748
 0.0577949
 1.48529
 1.04973
 0.991598
 -1.40791
 0.187872
 -0.355044
 -1.67096
 0.562998
 -1.07032
 0.413469
 2.02912
 0.367491
 1.68259
 -3.51659
 4.20797
 -5.38046
 0.838021
 3.88988
 -3.80356
 0.101558
 3.40316
 -2.53106
 1.23636
 0.793324
 -2.34211
 1.64417
 -4.14063
 1.16547
 4.91276
 -5.42422
 5.33858
 -3.99316
 -0.0883302
 0.409756
 -1.47531
 1.72128
 -2.98572
 2.64952
 1.86629
 -4.72008
 -0.743118
 1.77778
 -1.42037
 0.881103
 -0.230887
 2.71346
 -2.19106
 3.09669
 -4.23887
 1.92561
 -3.27143
 4.37921
 1.2359
 -5.62911
 -0.6092
 2.22739
 -0.951526
 0.588911
 -2.59287
 -0.114152
 4.12243
 -0.0746854
 -4.98131
 2.34152
 -1.08383
 -0.698332
 0.794054
 -0.0342308
 -2.68488
 4.91045
 -1.81346
 -2.46333
 -0.459309
 -0.43952
 -0.890563
 2.51476
 -1.36172
 -1.78176
 3.6197
 -4.99437
 4.22936
 -2.68302
 1.93895
 -3.79808
 1.92367
 0.057401
 -2.06937
 5.18847
 -5.76989
 3.03725
 0.0550099
 0.269534
 -2.07018
 0.618187
 0.836097
 2.48294
 -1.5281
 -1.41388
 0.976339
 -0.355145
 -0.805266
 3.06326
 -1.43581
 2.01406
 -3.59649
 0.499856
 -0.9178
 2.18979
 -2.99831
 -0.44965
 2.77636
 1.68525
 -4.95609
 4.48439
 -3.83192
 0.404533
 2.00869
 -2.94723
 4.0783
 -2.80935
 -0.804478
 -0.780085
 1.62968
 2.64193
 -1.69089
 -0.985598
 0.627429
 -0.908224
 -1.25566
 1.69466
 -2.62113
 4.59964
 -1.88453
 -2.03029
 -1.03742
 4.40607
 -2.60259
 1.70821
 -3.36518
 4.06391
 -0.319429
 1.57602
 -0.527083
 -1.41688
 1.77178
 -3.59167
 0.823567
 3.73039
 -3.78404
 -0.972755
 1.71821
 -1.14555
 -1.96514
 2.22848
 -0.0148113
 0.455354
 -1.37641
 2.72056
 -1.25947
 -1.94949
 -1.11625
 4.01201
 -0.609357
 1.79847
 -0.956171
 -3.31492
 0.175737
 2.72975
 -1.31765
 1.38173
 -2.86238
 3.53352
 0.202694
 -4.75643
 5.06596
 -1.33068
 0.132307
 -1.01261
 1.40232
 -4.37638
 5.17563
 -0.750757
 0.0325852
 2.09465
 0.682463
 -2.28918
 2.35223
 -3.64056
 -0.127869
 2.49424
 1.61017
 -0.740387
 -2.17308
 -1.0622
 4.75513
 -3.26014
 0.701441
 2.77587
 -2.34043
 -0.8959
 -0.806755
 3.7032
 -2.77337
 -0.684491
 0.462581
 1.10533
 2.82242
 -0.975903
 -0.30675
 0.948838
 -3.60841
 4.57568
 0.570985
 -1.63132
 -2.39515
 0.688204
 0.236447
 -2.33163
 -0.842493
 4.20803
 -0.372438
 0.799162
 -0.015313
 -2.01033
 4.20256
 -1.36687
 -2.29227
 3.01
 0.654986
 -0.241885
 -1.37439
 1.39728
 1.44055
 -2.33379
 1.54138
 -3.02262
 -0.214535
 4.2139
 -3.00771
 3.00451
 -4.92185
 1.5411
 -0.0280297
 1.4543
 -2.60865
 3.46681
 -4.54999
 5.25387
 -0.562958
 -4.73037
 4.66062
 1.51572
 -3.42336
 -0.237363
 -0.752681
 3.086
 -3.83802
 1.626
 -1.77145
 -0.603602
 1.52521
 1.68635
 -1.73138
 -2.40838
 0.146178
 3.95157
 -1.59256
 -0.265074
 -2.46482
 3.16928
 0.170463
 0.106381
 1.96257
 -1.47772
 1.41337
 -0.423474
 -2.1228
 4.35227
 -5.66408
 0.505976
 3.05932
 -3.42021
 -0.105893
 -1.53101
 -0.347399
 3.9145
 1.30981
 -0.741113
 1.35715
 -5.12238
 0.926403
 0.746003
 1.93505
 0.00204678
 -1.16297
 1.55203
 -3.05363
 0.438234
 2.90679
 -2.53618
 -2.08657
 0.647863
 3.00287
 -1.76824
 0.334651
 1.35481
 -2.66639
 3.57509
 -0.167286
 0.934846
 -2.46135
 2.61443
 -0.808277
 2.84027
 -2.64589
 -1.35308
 -0.302953
 4.43199
 -3.25524
 -1.47701
 2.59706
 -0.527751
 0.535042
 0.841898
 1.29157
 -0.539538
 -1.90194
 -0.94113
 -0.858102
 3.36586
 -4.00569
 0.666074
 -0.775852
 0.257802
 3.916
 -3.83412
 3.00188
 -3.24596
 4.60269
 -1.94237
 0.771301
 -3.97341
 3.57533
 -1.55964
 -1.04492
 -0.553189
 1.49969
 -2.54986
 5.25024
 -5.51949
 5.40034
 -5.15117
 1.32972
 -0.657122
 1.13816
 -0.153645
 1.22287
 -1.71114
 1.74268
 -4.32609
 5.47075
 -4.38269
 -0.668125
 1.82277
 -0.730036
 1.76003
 -2.33193
 -1.47467
 0.11512
 4.66028
 -3.23085
 -1.26852
 0.28891
 -0.8326
 1.31488
 -1.41403
 4.48311
 -4.76923
 3.93216
 1.27072
 -1.0998
 -3.04572
 2.70875
 -3.73909
 1.07295
 3.97015
 -2.35865
 -1.50813
 1.16211
 1.56213
 1.25162
 -4.95411
 4.43361
 -0.0367718
 1.93968
 -0.0779204
 -1.06854
 1.80869
 0.843006
 0.489171
 -0.450399
 1.81564
 -4.58881
 1.98514
 3.35758
 -2.97336
 2.38221
 -3.36364
 1.77825
 -0.795648
 3.53474
 -0.848857
 -1.85567
 -1.33272
 0.420071
 -0.727889
 3.26768
 -5.01248
 3.14107
 -0.15394
 2.56939
 0.844992
 -4.45074
 0.305077
 2.52057
 -4.26335
 4.03786
 -3.34701
 4.2136
 -0.456121
 -0.677694
 0.724257
 1.04283
 -5.15361
 2.20319
 1.31908
 2.77405
 -4.45016
 -0.331582
 3.23322
 -0.347128
 1.6367
 -5.25839
 1.95513
 2.03651
 0.923594
 -0.352955
 -3.35575
 -0.94156
 4.54342
 -0.655584
 -3.07954
 1.73783
 3.05746
 -2.24185
 1.52308
 -4.76364
 5.40314
 -3.49576
 1.62469
 -0.586477
 0.303293
 1.38488
 -2.1425
 3.3157
 -3.51453
 0.0100278
 -0.814115
 1.92573
 1.79071
 -4.46624
 0.236651
 4.04083
 -4.75084
 5.31629
 -1.62375
 1.30735
 -0.550011
 -2.68219
 3.22682
 -1.01276
 0.81807
 -1.10169
 -1.36293
 3.9105
 -0.493073
 0.184591
 -0.314849
 1.82632
 -0.153189
 -2.72459
 2.44649
 -1.89417
 3.73047
 -1.27742
 -4.05497
 -0.161817
 0.362681
 2.11701
 0.292329
 -2.23163
 -0.288261
 1.68038
 -2.1158
 -1.13354
 4.50968
 -0.50653
 -4.54438
 0.689293
 0.792511
 3.45978
 -2.04748
 -0.713069
 0.638038
 -0.479677
 2.08934
 -0.173163
 -4.18452
 0.49501
 2.76732
 -0.573781
 -1.16951
 -1.28505
 -0.0160724
 2.86351
 0.581516
 -0.611554
 0.221251
 1.11099
 -1.16675
 2.26877
 -0.56428
 -2.16061
 1.02278
 0.239017
 -0.0680251
 2.36951
 -3.3818
 2.51313
 1.24445
 -4.32712
 2.61661
 2.63421
 -4.94753
 1.25144
 3.20293
 0.454822
 1.25298
 -2.37916
 1.12884
 -2.91215
 -1.01138
 0.166012
 -0.535984
 5.06526
 -2.42391
 1.40557
 0.146935
 -1.94143
 3.61359
 -2.60132
 1.25728
 -1.2267
 -1.1463
 0.469609
 2.15299
 0.089538
 1.57947
 -4.78092
 1.03211
 -0.0254887
 1.02938
 -2.42863
 1.37605
 -3.25416
 0.542228
 1.71694
 -0.265875
 1.4874
 -1.8113
 -0.654458
 -0.434456
 -2.13762
 4.77427
 -3.85943
 -0.13221
 3.16472
 -3.71699
 3.0685
 0.00688603
 0.164596
 -4.19846
 3.76496
 -2.16287
 2.51321
 -3.77153
 3.45233
 -1.4973
 0.697293
 0.0253128
 1.14226
 -0.179113
 -0.551952
 1.5128
 -0.0616239
 -0.0486
 0.868342
 -2.61819
 0.828642
 -1.23741
 2.76219
 -0.707416
 0.266578
 -1.11261
 -0.0322426
 1.30636
 2.16197
 -4.89858
 1.38364
 3.46749
 -0.665532
 0.645801
 0.336146
 1.50257
 -1.62389
 -0.412763
 -0.773714
 2.08399
 1.96516
 -0.45964
 -3.4977
 3.54274
 -1.92512
 -2.42616
 2.55925
 -1.18824
 0.711295
 -3.08965
 1.86827
 2.97525
 -1.47973
 2.66199
 -1.56217
 -1.93092
 -1.0086
 0.859278
 4.09891
 -1.422
 0.0765047
 0.925205
 -3.6252
 3.4861
 -3.80184
 4.20513
 -4.86063
 1.97987
 -2.45323
 5.39023
 -4.24537
 -0.46543
 1.32196
 3.26275
 0.195709
 -0.998409
 -4.21133
 -0.42308
 2.81711
 -0.471023
 1.65836
 -5.05192
 5.7218
 -0.892318
 -0.879437
 -0.839928
 1.57484
 -1.35411
 2.44154
 -0.0550045
 -3.58333
 -0.961171
 5.54087
 -2.99154
 0.547165
 -0.306721
 -1.41143
 2.51102
 -1.07643
 -1.26063
 -0.234816
 -1.07423
 4.20035
 -4.97134
 0.32158
 4.17053
 -2.13799
 -2.59447
 2.98276
 -3.13408
 1.57075
 3.45825
 -4.98182
 1.35854
 0.785187
 0.0295114
 0.68781
 -3.96439
 0.0928612
 5.00312
 -2.24404
 -0.0864013
 -1.95469
 0.295971
 -1.51609
 5.15164
 -1.6685
 -0.353068
 -0.510653
 3.29943
 0.00385147
 0.445635
 -4.95722
 5.24406
 -1.34366
 -2.67059
 -0.318424
 4.18977
 -2.70279
 -0.168794
 -2.09559
 5.34401
 -5.5722
 1.83085
 -0.660777
 -0.388987
 2.81934
 -2.39614
 2.60608
 -0.834903
 1.21407
 -3.49002
 4.15948
 -4.28253
 0.651901
 1.50029
 0.0117599
 -2.14768
 -0.313918
 0.0760326
 -1.8076
 3.53121
 0.102373
 -1.30086
 2.24219
 -1.49467
 -1.35171
 3.68365
 -2.00281
 -1.04046
 -1.96812
 3.7713
 -1.7561
 1.16478
 1.51899
 -5.01749
 0.38211
 1.20793
 -2.13702
 0.0849629
 0.975613
 0.31076
 -0.00491483
 0.334055
 2.62682
 -2.50331
 3.28656
 -5.47507
 5.16577
 -5.48534
 0.574502
 -0.0311489
 1.72157
 2.42218
 -3.06166
 -0.751863
 -0.727444
 2.35511
 2.33406
 -2.35762
 0.505374
 -0.179158
 1.70362
 0.547122
 -1.47669
 -0.143881
 -0.95269
 1.79061
 0.716657
 0.564797
 -0.39761
 -0.751008
 -3.40785
 5.45232
 -2.37916
 0.084368
 0.502261
 0.918673
 1.01385
 -4.13087
 1.60704
 -2.1543
 1.60628
 -2.26649
 -0.585848
 2.30325
 -3.01981
 1.43509
 -2.96183
 0.516419
 -0.357263
 -0.949109
 1.07174
 1.88681
 -2.43432
 -1.8658
 1.74736
 0.410279
 -2.37934
 4.39466
 -3.64447
 2.42647
 -0.989193
 0.851331
 -0.869957
 -2.36795
 1.10917
 0.964448
 3.11455
 -3.41881
 -1.76024
 -0.914678
 5.41259
 0.140573
 -0.881649
 -0.261252
 -1.164
 1.37288
 0.157864
 -3.13926
 4.46755
 -1.92419
 -0.175509
 1.37035
 -3.03628
 3.769
 -2.10964
 1.26923
 -1.82401
 4.23318
 -2.17568
 1.23092
 -2.8673
 4.82373
 -2.59392
 -1.68792
 0.9327
 -0.53587
 4.27454
 -0.940733
 -0.548139
 0.564778
 -2.69806
 2.56395
 1.75567
 -5.07237
 4.8503
 0.813766
 0.396126
 -1.34305
 0.809637
 0.276315
 -1.77261
 3.32838
 -0.276045
 1.65404
 -5.31473
 5.32618
 0.0251059
 -5.07542
 1.76068
 2.07362
 1.96705
 -4.76246
 2.72914
 1.64387
 -3.00187
 4.08507
 -2.01588
 0.726058
 -2.45766
 -1.05685
 0.404159
 -0.734681
 4.02493
 -1.33293
 -3.73564
 -0.4895
 3.13071
 -3.00261
 -0.151077
 2.26028
 1.61902
 -4.8438
 0.959329
 -1.39531
 1.14016
 -0.45605
 2.31342
 0.718108
 -1.02605
 0.905493
 -1.72289
 1.33087
 2.50414
 -1.48254
 1.41942
 -4.29028
 0.0265272
 4.99143
 -0.685366
 1.38788
 -0.91812
 0.38892
 -3.87875
 2.24192
 1.66415
 -3.01096
 3.86414
 -5.23899
 3.30791
 -0.208632
 0.727028
 0.772609
 -2.56544
 1.12953
 0.321455
 -2.60377
 4.06135
 -1.50048
 -3.31768
 4.10437
 1.19539
 0.344849
 -0.124578
 -2.18718
 1.25394
 -1.34387
 -0.934459
 2.67587
 -3.23286
 4.5631
 -1.05376
 -3.34766
 4.97168
 -0.680034
