 0
 0.470085
 -0.933067
 0.2476
 -0.171266
 1.10276
 -0.194278
 -0.0874846
 0.476037
 0.0810238
 -1.27798
 0.877468
 -0.355307
 1.16412
 -1.12381
 1.20607
 -1.06661
 -0.101568
 1.11312
 0.0337795
 0.0329484
 0.0949235
 -0.930911
 0.989323
 -1.40883
 0.432809
 0.152893
 0.823262
 0.185453
 -0.244085
 -1.02775
 0.452234
 -0.355037
 1.15399
 0.0146405
 -0.469601
 -0.471316
 0.585426
 0.284146
 -0.829034
 0.92643
 0.0852928
 0.215397
 -0.978834
 1.11336
 0.279731
 -1.49929
 0.97474
 0.0899391
 -0.80709
 1.40961
 -0.358965
 -0.763371
 0.903212
 -0.261398
 -0.320726
 0.687915
 -1.35739
 0.461166
 1.07608
 -1.3184
 1.47878
 -0.494578
 0.500837
 -0.188779
 -0.295712
 -0.185133
 0.905231
 -0.421837
 -0.732251
 1.41602
 -0.421534
 -1.07809
 0.957217
 -1.1124
 1.79265
 -0.345124
 0.114004
 -1.21464
 1.00282
 -0.349062
 1.16264
 -1.26793
 -0.506211
 -0.306742
 0.641736
 -0.441894
 0.766912
 0.0378236
 -0.319748
 0.17991
 0.722195
 0.140823
 -0.147444
 -0.833758
 -0.0957097
 -0.510303
 0.487459
 1.3091
 -1.20637
 0.254355
 -0.211936
 0.509193
 -0.761582
 0.0915155
 -0.285984
 0.411159
 -0.0252191
 -0.876342
 0.436057
 -0.349958
 1.38101
 -0.0340524
 0.338291
 -0.321579
 -0.0665004
 -0.920864
 0.488676
 0.911867
 -0.207863
 -1.16251
 1.33516
 0.0140716
 0.182652
 -1.41811
 1.47144
 0.223843
 -0.164011
 0.0991371
 -0.0150997
 -1.03185
 0.791359
 -1.05864
 0.418991
 -0.511573
 1.14805
 0.0602822
 -1.24713
 0.523734
 0.360666
 -0.231355
 -0.240849
 0.57209
 0.544314
 -1.38918
 0.461535
 -0.511848
 1.50978
 0.139832
 0.115023
 -0.101117
 0.199449
 -1.54307
 1.54444
 -0.518101
 -0.420074
 0.510862
 -0.89883
 -0.111481
 1.15995
 -0.336891
 -0.150813
 -0.66201
 -0.268657
 -0.0539089
 0.891951
 -0.329852
 -0.766198
 0.317448
 0.310762
 -0.0485609
 0.859546
 -0.87395
 0.995465
 -1.31054
 0.283719
 1.04288
 0.138765
 -0.798667
 0.101853
 -0.217322
 -0.713647
 1.89705
 -0.204525
 -0.785404
 -0.577473
 0.17798
 1.19716
 -1.59219
 1.22673
 0.391198
 -0.533777
 -0.194457
 -0.152685
 0.509157
 -0.857421
 -0.217314
 1.49177
 -1.10178
 1.33609
 -0.36217
 -0.549734
 -0.672555
 -0.0371738
 0.540295
 0.984697
 -1.14001
 0.179807
 0.641108
 -1.23268
 0.720474
 0.581118
 -1.06204
 1.53266
 -0.683461
 0.711409
 0.117542
 0.352037
 -0.681636
 -0.582233
 -0.404215
 1.38843
 -1.55525
 0.767972
 -0.148322
 0.434639
 0.231235
 -0.00210953
 0.138311
 -0.532886
 0.781636
 -1.31485
 1.65695
 -0.969634
 -0.369556
 0.765678
 -0.431211
 -0.447628
 1.25163
 0.155672
 -1.01349
 1.14763
 -0.896558
 -0.478357
 0.921358
 -0.669934
 0.566685
 -0.0335346
 -1.15748
 0.251478
 -0.335429
 1.01287
 -0.306207
 0.406207
 -0.390644
 -0.618629
 0.356062
 -0.821172
 0.413017
 -0.0401945
 0.966754
 -0.344287
 -0.113214
 0.669935
 -0.00519576
 -0.391323
 -1.02309
 1.6399
 -1.37699
 0.60085
 -0.541922
 0.98197
 -0.317718
 -0.529641
 -0.508511
 1.01627
 -0.158918
 0.142856
 -0.475051
 -0.647282
 1.68189
 -0.986163
 -0.0148153
 0.317976
 0.441293
 -1.31753
 -0.0306915
 -0.0426193
 1.41114
 -1.21146
 0.436036
 0.505659
 -0.341272
 -0.412461
 0.836678
 -1.44092
 1.38686
 0.0496246
 -0.64504
 -0.820146
 0.577931
 1.02449
 -1.16507
 0.0735497
 0.122434
 0.0614738
 0.0662631
 0.220068
 -0.192502
 0.219625
 0.537892
 -0.389508
 0.359734
 0.0327607
 -0.871661
 -0.0272947
 0.0050641
 0.225175
 0.814672
 -0.0172767
 -1.34029
 0.748326
 -0.612635
 0.962571
 -0.562283
 -0.12154
 -0.52646
 0.667314
 -0.027546
 0.383597
 -1.2804
 0.508365
 0.24351
 0.66746
 -0.485275
 0.141392
 0.380609
 -0.491597
 0.824902
 -1.4903
 0.978741
 -0.75306
 0.817925
 0.69706
 -1.39232
 -0.16999
 -0.0743175
 0.975402
 0.209123
 -0.0774881
 0.154599
 -0.563274
 -0.29074
 0.907209
 0.254573
 -0.314813
 -1.02505
 0.882358
 0.739439
 -1.65675
 1.74501
 -1.2803
 0.69169
 0.64289
 -0.288783
 -0.161246
 0.799473
 -0.235225
 -1.38304
 0.279274
 0.233362
 1.21189
 -1.248
 0.501508
 0.0486903
 -0.0743275
 0.719892
 0.279247
 -1.33527
 -0.124244
 0.511659
 0.925921
 0.0813011
 -1.39698
 0.43453
 0.00699949
 1.00631
 -0.0823486
 0.029245
 -0.901997
 1.2958
 -0.841404
 -0.028032
 0.290805
 0.60581
 0.142162
 0.182442
 -0.0166796
 -1.23735
 0.418574
 0.27818
 0.66066
 0.134528
 -1.59921
 0.571311
 1.09661
 -1.04835
 0.893849
 -1.34999
 0.852694
 0.438284
 -0.654562
 0.530525
 -1.2076
 -0.104796
 0.0105986
 1.45394
 -0.225179
 -0.962303
 0.646014
 0.0645411
 0.404012
 -0.674995
 -0.583295
 0.167958
 1.4046
 -0.849508
 0.775103
 0.101566
 -0.957797
 -0.523955
 0.93822
 -0.710498
 0.629668
 0.0192865
 -0.749045
 0.795886
 -0.0698435
 0.564922
 0.0328562
 -1.18748
 0.496785
 1.0453
 -0.907004
 -0.765554
 0.974697
 0.115288
 -0.305994
 -0.0234812
 0.447525
 -0.265878
 -0.0915023
 -0.49298
 0.467627
 -0.831377
 1.0147
 -0.62043
 0.529621
 -0.323892
 1.00266
 -1.21067
 0.925726
 -0.419141
 0.866606
 -1.6322
 1.65941
 -0.0437924
 -1.54731
 0.468824
 -0.430367
 1.35033
 -1.49342
 1.22991
 -0.803116
 0.19962
 0.855252
 -0.612051
 -0.964677
 0.80138
 0.615669
 -0.994875
 0.632129
 -0.624726
 -0.150598
 0.628431
 -1.07677
 0.870129
 -0.38063
 0.585142
 -0.702939
 0.526003
 0.450343
 -0.888572
 0.0299567
 0.0192145
 -0.558574
 1.0298
 -0.440098
 0.668591
 -1.24533
 1.66744
 -1.17626
 0.158044
 0.246888
 0.61453
 -0.705437
 -0.866662
 1.10413
 -0.692353
 1.14576
 -1.69186
 0.508118
 -0.337466
 1.16512
 -0.833562
 1.12695
 -0.357129
 -0.951248
 0.830114
 0.0811051
 0.249426
 -0.308127
 0.239991
 0.702215
 -1.35861
 0.134225
 0.247524
 0.193918
 -0.106633
 0.939821
 -0.177648
 -1.47262
 0.701098
 1.23725
 -1.42044
 -0.148011
 0.929603
 -0.553429
 0.637908
 -1.13359
 1.30257
 0.121651
 -1.32922
 0.665841
 -0.16997
 -0.683279
 0.982505
 0.18232
 -1.11419
 -0.337397
 1.12667
 -0.0748897
 0.566898
 -0.740065
 0.372036
 -1.07632
 1.02448
 0.385236
 0.296168
 -0.186618
 0.0997278
 -0.940357
 1.4926
 -1.63207
 1.28539
 -1.30644
 0.759633
 0.714383
 -0.0889676
 -0.233491
 -0.422922
 1.09327
 0.138542
 -1.72175
 0.453642
 -0.375412
 -0.15139
 1.28593
 -0.0401037
 -0.787565
 0.29702
 -0.0689547
 0.575085
 -0.341968
 -0.232488
 0.539224
 -0.423016
 0.327111
 -0.274565
 0.269149
 -0.253022
 -0.763498
 0.359429
 0.357447
 0.37314
 -0.15967
 -0.645122
 1.35024
 -0.202689
 0.0504946
 0.417756
 -1.28185
 1.61343
 -1.21228
 0.91927
 -0.797699
 0.248902
 0.247101
 0.647837
 -1.2005
 0.933188
 -0.286596
 -1.02597
 1.63222
 -1.27015
 -0.0598279
 -0.11069
 1.32969
 0.109958
 -0.152944
 0.163163
 -1.15121
 0.279017
 0.951736
 -1.36797
 1.26818
 -0.775615
 0.712046
 -0.311263
 0.434462
 0.0460794
 -1.39019
 0.175469
 -0.372687
 0.91978
 0.43903
 -0.568482
 -0.501444
 -0.254879
 0.610566
 0.709732
 -1.41996
 0.0023837
 1.40692
 -0.193331
 -0.102855
 -0.77773
 1.01025
 0.220977
 0.296728
 -1.0104
 1.12236
 -0.802156
 -0.130862
 -0.192457
 1.24445
 -0.851657
 0.344223
 -0.694402
 0.752008
 0.136853
 -1.22956
 1.33243
 -0.00115949
 0.344179
 -0.791465
 0.952815
 -0.908225
 0.676657
 -1.38798
 0.925615
 -0.956148
 1.80869
 0.12642
 -1.54668
 -0.287617
 0.357435
 0.0612635
 -0.039227
 0.922471
 -1.52823
 0.902805
 -0.0541471
 -0.72034
 1.13759
 -1.16273
 1.00006
 -0.141799
 0.56045
 -1.02609
 1.26842
 -1.07143
 0.969622
 -0.753889
 -0.068704
 -0.527245
 1.16652
 -0.495209
 -0.480239
 -0.12157
 0.349752
 -0.511611
 1.3243
 -0.374247
 0.377331
 -0.102527
 -0.424959
 0.006792
 0.019784
 0.357029
 -0.108233
 -0.0623929
 -0.910334
 0.627756
 0.261672
 0.240235
 -1.01241
 1.26788
 -0.701455
 0.739853
 -1.01185
 1.24672
 -0.319025
 0.315599
 -0.790915
 0.781579
 -0.926449
 1.49626
 -0.419743
 0.583884
 -0.493081
 -0.125274
 0.839678
 -0.667338
 0.371213
 -0.569457
 -0.439413
 0.552661
 -0.416797
 0.556967
 -0.180917
 -0.19895
 0.322524
 0.793751
 -0.308502
 -0.741847
 0.485401
 -0.555764
 0.846461
 -0.385632
 0.602154
 -0.495183
 0.683326
 0.157834
 -1.35389
 1.25977
 -1.15346
 1.62343
 -1.96755
 0.202412
 1.0264
 -1.18257
 0.216261
 1.34553
 -1.01699
 0.837234
 -0.950461
 0.281731
 1.02203
 -1.22182
 0.19956
 0.236511
 0.437629
 0.146753
 -0.640495
 -0.60059
 -0.00662486
 1.52224
 -0.459844
 -1.23008
 -0.153927
 1.2474
 0.0262415
 -0.836001
 1.0776
 -0.615173
 0.312307
 0.68882
 -1.39782
 -0.0142977
 0.332925
 0.169252
 0.84824
 -1.50605
 0.0331013
 0.750073
 0.394546
 -0.968764
 -0.346232
 0.695034
 -0.250907
 -0.0180817
 0.884983
 -0.371673
 0.313933
 0.273371
 0.235996
 -1.28218
 1.43312
 -0.0627865
 -1.3881
 1.01768
 -0.975194
 1.70257
 -0.628257
 -1.1758
 0.19767
 0.993727
 0.46243
 -1.41895
 1.17358
 -0.19469
 0.775537
 -0.553557
 -0.638283
 0.707695
 -0.254151
 -0.865261
 -0.216567
 1.46312
 -0.361724
 0.592384
 -0.999272
 0.349105
 0.674507
 0.249301
 -0.0864986
 0.462222
 -1.30474
 1.03549
 -0.874076
 1.4404
 -0.323236
 0.0883268
 -1.26884
 0.228119
 0.567954
 -0.919237
 1.10373
 -1.31195
 0.457596
 0.602043
 -0.13209
 0.414823
 -0.152936
 -0.975048
 0.572477
 1.05026
 -0.827665
 0.832087
 -0.931345
 1.27535
 -1.46938
 -0.369105
 0.740524
 -0.779632
 0.419345
 -0.120334
 0.878923
 -0.359685
 -1.04903
 1.42712
 -0.487345
 0.870404
 -1.4148
 -0.319305
 0.300747
 -0.282866
 1.35222
 -1.51762
 0.859464
 0.188211
 -0.115709
 -0.679645
 0.537355
 -0.851046
 1.50471
 -0.953029
 -0.00203996
 -0.564448
 0.324998
 0.953127
 -0.444473
 -0.764781
 0.628259
 0.731304
 -1.39093
 -0.143794
 0.607887
 0.803266
 -0.548876
 0.153388
 0.204438
 0.513023
 -0.251167
 -0.942082
 0.793093
 0.703227
 -0.513762
 0.72735
 -0.196187
 -0.370229
 0.260036
 0.215695
 -0.781984
 1.51366
 -0.682916
 -0.118589
 0.650344
 0.0508007
 0.361596
 0.0387772
 -0.877594
 -0.0432336
 0.320865
 -0.673741
 -0.324203
 1.19145
 -0.696305
 -0.253711
 -0.0441486
 0.0414407
 0.820252
 -0.310447
 -1.00962
 1.09635
 -0.285181
 0.353879
 -1.19711
 1.7838
 0.0511084
 0.0829796
 -0.0893131
 -0.167713
 -0.302365
 -0.141198
 -0.573205
 0.350722
 0.4419
 0.415363
 -1.48201
 1.57885
 -0.262013
 -0.493091
 0.753108
 -0.219187
 -1.22263
 0.982168
 -0.328972
 0.281421
 -0.34151
 1.05386
 -1.25979
 0.51257
 -0.110436
 0.448261
 -0.661231
 0.372114
 -0.0842922
 0.922771
 -1.62037
 0.504995
 0.322313
 -0.594456
 1.26066
 -0.930034
 -0.320261
 1.30555
 -0.310885
 -0.714478
 1.02614
 -1.53014
 0.882267
 -0.363878
 -0.115587
 0.527702
 -1.04091
 0.0819935
 1.16643
 -0.530222
 -0.939683
 0.243515
 1.00663
 -1.35459
 0.26731
 1.01323
 -1.24859
 1.05848
 -0.769746
 -0.492489
 1.4454
