 -0.100719
 0.365636
 -0.555013
 -0.113807
 -0.316332
 0.713245
 0.480899
 0.338594
 0.553914
 0.546782
 -0.83465
 0.169175
 -0.302981
 0.843249
 -0.305077
 0.882793
 -0.39567
 -0.401584
 0.55001
 0.527769
 0.487401
 0.39113
 -0.390763
 0.474199
 -1.00793
 -0.302891
 -0.111967
 0.590053
 0.710133
 0.291126
 -0.743472
 -0.117908
 -0.545538
 0.743774
 0.587006
 0.111411
 -0.391786
 0.12117
 0.270881
 -0.473139
 0.563073
 0.381392
 0.464383
 -0.501496
 0.589894
 0.642057
 -0.658843
 0.332773
 0.217503
 -0.446411
 0.795105
 0.351219
 -0.373991
 0.451681
 0.0478603
 -0.0584713
 0.521458
 -0.9664
 -0.354713
 0.637252
 -0.582173
 0.940423
 0.269542
 0.610819
 0.260768
 -0.0951802
 -0.234343
 0.495478
 0.124536
 -0.448069
 0.730595
 0.170805
 -0.66897
 0.270851
 -0.905329
 0.897723
 0.277335
 0.416674
 -0.707007
 0.265472
 -0.252062
 0.943674
 -0.302926
 -0.64101
 -0.911001
 -0.100878
 -0.424098
 0.401856
 0.363481
 -0.0984565
 0.093412
 0.738446
 0.61514
 0.466285
 -0.362586
 -0.46986
 -0.770274
 -0.326126
 1.05997
 -0.240408
 0.0988648
 -0.315492
 0.296083
 -0.477177
 -0.303359
 -0.525085
 -0.0232748
 -0.0985113
 -0.677123
 -0.250433
 -0.547639
 0.85326
 0.598963
 0.868562
 0.32136
 0.154636
 -0.641055
 -0.132699
 0.599019
 0.321085
 -0.759127
 0.559523
 0.421218
 0.545011
 -0.803415
 0.633391
 0.585746
 0.524631
 0.470161
 0.309017
 -0.812753
 0.0807329
 -0.924713
 -0.356587
 -0.677673
 0.401616
 0.431091
 -0.749601
 -0.166233
 0.212586
 -0.141823
 -0.271574
 0.189443
 0.604703
 -0.724513
 -0.151045
 -0.662553
 0.834777
 0.737878
 0.837681
 0.431155
 0.554426
 -0.958764
 0.515019
 -0.0714273
 -0.215901
 0.197667
 -0.672448
 -0.538078
 0.43629
 0.232327
 0.0559431
 -0.560134
 -0.724344
 -0.54816
 0.224166
 0.0472122
 -0.675644
 -0.221556
 -0.0715901
 0.085093
 0.808976
 -0.0713336
 0.842596
 -0.669198
 -0.290324
 0.73025
 0.66759
 -0.102189
 -0.103153
 -0.254248
 -0.924452
 0.836411
 0.571073
 -0.212743
 -0.738147
 -0.432638
 0.770846
 -0.752686
 0.476718
 0.699767
 0.0694232
 -0.035401
 -0.321987
 0.227
 -0.483849
 -0.61433
 0.757074
 -0.392302
 1.08512
 0.46944
 -0.00468148
 -0.619615
 -0.577131
 -0.0354194
 0.924338
 -0.273774
 -0.00159251
 0.437402
 -0.692794
 -0.0245517
 0.377847
 -0.548955
 0.876246
 0.0669048
 0.713935
 0.546214
 0.734952
 0.00131328
 -0.459795
 -0.768626
 0.58894
 -0.877442
 0.0896347
 -0.260592
 0.342177
 0.326308
 0.363566
 0.382399
 -0.129913
 0.56272
 -0.820342
 0.751213
 -0.34534
 -0.421826
 0.136005
 -0.277095
 -0.441938
 0.695276
 0.662011
 -0.219226
 0.65769
 -0.347138
 -0.507985
 0.287934
 -0.401488
 0.29926
 0.218824
 -0.838379
 -0.61391
 -0.680611
 0.393582
 0.0686917
 0.387928
 0.0630398
 -0.504474
 -0.170527
 -0.881446
 -0.361947
 -0.324797
 0.671232
 0.29605
 0.125713
 0.681822
 0.484496
 0.0344998
 -0.927325
 0.738573
 -0.803645
 -0.0350304
 -0.477713
 0.431705
 0.0660954
 -0.412019
 -0.693413
 0.223281
 0.0155661
 0.195471
 -0.250359
 -0.731269
 0.815351
 -0.2774
 -0.141732
 0.074378
 0.408044
 -0.864446
 -0.668249
 -0.689525
 0.678946
 -0.332731
 0.0606125
 0.433835
 0.101569
 -0.226216
 0.442322
 -0.887482
 0.535873
 0.454025
 -0.151899
 -0.880217
 -0.301839
 0.667038
 -0.339763
 -0.189483
 -0.223375
 -0.0107499
 0.0632354
 0.116115
 -0.0792085
 0.213687
 0.498612
 0.176934
 0.500855
 0.234709
 -0.536779
 -0.538802
 -0.394583
 -0.0496032
 0.715876
 0.569667
 -0.731388
 0.00510273
 -0.545291
 0.352041
 -0.250511
 -0.114642
 -0.574934
 0.151238
 -0.0816158
 0.327587
 -0.82707
 -0.203684
 -0.0960006
 0.471572
 0.0783723
 0.184197
 0.446399
 -0.000322441
 0.64033
 -0.77033
 0.165182
 -0.603838
 0.222188
 0.811884
 -0.603868
 -0.508372
 -0.566668
 0.338043
 0.448807
 0.294542
 0.322452
 -0.0934578
 -0.472717
 0.311149
 0.466276
 0.257116
 -0.734496
 0.175597
 0.764782
 -0.813982
 0.878889
 -0.533329
 0.233205
 0.565861
 0.33749
 0.079002
 0.68992
 0.414596
 -0.958586
 -0.649177
 -0.382
 0.946445
 -0.367135
 0.0773817
 0.0527509
 0.0422468
 0.639757
 0.669264
 -0.671282
 -0.582981
 -0.224453
 0.609424
 0.766802
 -0.750488
 -0.19661
 -0.154321
 0.664123
 0.451269
 0.467627
 -0.467675
 0.741883
 -0.106951
 -0.146971
 0.0312637
 0.486306
 0.67876
 0.698677
 0.480827
 -0.674716
 -0.360428
 0.0217639
 0.460369
 0.641141
 -0.835082
 -0.316399
 0.61648
 -0.348636
 0.639246
 -0.915897
 0.200743
 0.400129
 -0.186673
 0.329854
 -0.809264
 -0.768648
 -0.65402
 0.772834
 0.504983
 -0.312355
 0.0941859
 0.106837
 0.384917
 -0.282485
 -0.735816
 -0.486019
 0.889884
 -0.00814163
 0.704641
 0.504078
 -0.267359
 -0.733288
 0.0807489
 -0.530697
 0.159949
 0.0671696
 -0.56953
 0.20501
 0.118479
 0.65732
 0.476122
 -0.579948
 -0.124652
 0.673873
 -0.146553
 -0.727161
 0.178392
 0.205497
 -0.0850728
 -0.086094
 0.257852
 -0.0633787
 -0.0544312
 -0.542428
 0.0662472
 -0.728403
 0.321745
 -0.313336
 0.311898
 -0.0698055
 0.899469
 -0.386617
 0.383342
 -0.0984862
 0.730779
 -0.717399
 0.766318
 0.549871
 -0.832696
 -0.272139
 -0.673029
 0.790119
 -0.619512
 0.611857
 -0.369883
 -0.0395843
 0.630942
 -0.0317834
 -0.766375
 0.063276
 0.444352
 -0.352488
 0.240956
 -0.482692
 -0.517679
 0.139939
 -0.730385
 0.0268901
 -0.281391
 0.345903
 -0.36398
 0.129234
 0.536846
 -0.286953
 -0.256924
 -0.265456
 -0.655064
 0.335572
 0.00394511
 0.497408
 -0.672014
 0.854137
 -0.340087
 -0.186248
 0.0525132
 0.580281
 -0.0535016
 -0.852259
 0.24956
 -0.516684
 0.785433
 -0.779031
 -0.135235
 -0.522487
 0.728121
 -0.165528
 0.801326
 0.442962
 -0.606261
 0.235158
 0.183967
 0.425227
 0.0671168
 0.271173
 0.744733
 -0.581291
 -0.329589
 -0.210124
 0.139745
 0.0163536
 0.717185
 0.508391
 -0.804708
 -0.2378
 0.856368
 -0.36174
 -0.495904
 0.243147
 -0.191209
 0.381462
 -0.616851
 0.553693
 0.644903
 -0.654396
 -0.0894681
 -0.213568
 -0.614116
 0.322365
 0.440616
 -0.572512
 -0.777625
 0.285559
 0.279594
 0.609659
 -0.141652
 0.269077
 -0.857819
 0.291207
 0.512481
 0.745809
 0.37102
 0.373293
 -0.59636
 0.767571
 -0.791447
 0.604114
 -0.835288
 0.191986
 0.536949
 0.374151
 0.191683
 -0.30476
 0.811347
 0.72785
 -0.843699
 -0.324652
 -0.581207
 -0.659296
 0.681878
 0.471973
 -0.10338
 0.119341
 -0.135527
 0.398641
 0.0944533
 -0.0953324
 0.224432
 -0.19817
 0.0909346
 -0.135569
 0.127316
 -0.154163
 -0.712376
 -0.409909
 0.00470997
 0.305213
 0.150447
 -0.429284
 0.941451
 0.391688
 0.392236
 0.709168
 -0.666593
 0.883378
 -0.461706
 0.595392
 -0.301302
 -0.0661569
 0.200913
 0.691358
 -0.551981
 0.287847
 0.0700981
 -0.75539
 0.752406
 -0.546361
 -0.528154
 -0.633653
 0.842494
 0.638402
 0.561438
 0.408054
 -0.661689
 -0.405729
 0.452019
 -0.834235
 0.457887
 -0.239589
 0.521566
 0.0953698
 0.351058
 0.433713
 -0.993151
 -0.56536
 -0.975415
 0.0665703
 0.447598
 0.0402794
 -0.382866
 -0.557067
 0.0779197
 0.706105
 -0.686762
 -0.638736
 0.632523
 0.489189
 0.304174
 -0.436162
 0.56698
 0.497638
 0.688338
 -0.343863
 0.645016
 -0.177894
 -0.204863
 -0.489207
 0.717955
 -0.205394
 0.26406
 -0.416396
 0.314363
 0.326913
 -0.852345
 0.470015
 0.445915
 0.660693
 -0.16559
 0.622541
 -0.229042
 0.418869
 -0.97539
 0.0849968
 -0.858802
 0.788983
 0.783263
 -0.601906
 -0.855344
 -0.352928
 -0.276792
 -0.160393
 0.676734
 -0.682919
 0.0892739
 0.0569587
 -0.452171
 0.557031
 -0.542131
 0.469598
 0.0801639
 0.647262
 -0.405636
 0.838173
 -0.336882
 0.663158
 -0.3006
 -0.183989
 -0.7457
 0.481629
 0.0439164
 -0.346309
 -0.39141
 -0.100865
 -0.45413
 0.805382
 0.386273
 0.696387
 0.423097
 -0.0403929
 -0.100689
 -0.0722605
 0.237418
 -0.00282518
 -0.0777641
 -0.86168
 -0.11796
 0.0607078
 0.341212
 -0.631784
 0.574284
 -0.0460146
 0.628388
 -0.494044
 0.765908
 0.294435
 0.513166
 -0.217811
 0.481031
 -0.609548
 0.844469
 0.279271
 0.917929
 0.131652
 -0.0703977
 0.702343
 -0.0280324
 0.366051
 -0.340976
 -0.703331
 -0.0664636
 -0.47063
 0.119483
 0.0688498
 -0.223735
 0.0881415
 0.817947
 0.280682
 -0.299696
 0.180844
 -0.434125
 0.384625
 -0.00225248
 0.591163
 -0.117299
 0.559504
 0.623548
 -0.737502
 0.402977
 -0.652055
 0.98727
 -0.744024
 -0.312116
 0.444177
 -0.632442
 -0.348519
 0.817731
 -0.125024
 0.603496
 -0.407437
 -0.150753
 0.744115
 -0.428113
 -0.203338
 -0.0659445
 0.383994
 0.532612
 -0.194204
 -0.658526
 -0.565513
 0.865588
 0.305213
 -0.708618
 -0.869188
 0.427843
 0.425497
 -0.253998
 0.626922
 0.0292873
 0.283896
 0.70465
 -0.630406
 -0.476148
 -0.157075
 -0.0835381
 0.762587
 -0.716441
 -0.57389
 0.141206
 0.438993
 -0.50789
 -0.56945
 0.0849174
 -0.216453
 -0.0813391
 0.554204
 0.277973
 0.373347
 0.635094
 0.601765
 -0.68844
 0.81345
 0.499061
 -0.787843
 0.243818
 -0.721431
 0.941041
 0.217789
 -0.911589
 -0.548676
 0.27273
 0.661879
 -0.624648
 0.445888
 0.183263
 0.922373
 0.251705
 -0.472428
 0.215911
 -0.105746
 -0.76384
 -0.790038
 0.59223
 0.232012
 0.78549
 -0.304883
 0.0429532
 0.473042
 0.621763
 0.447382
 0.764649
 -0.583603
 0.431588
 -0.476346
 0.994369
 0.39176
 0.401102
 -0.90035
 -0.451953
 0.0529083
 -0.690538
 0.45063
 -0.871885
 -0.174631
 0.325242
 0.0923032
 0.434164
 0.136674
 -0.711733
 -0.152928
 0.747615
 0.0206312
 0.791662
 -0.278522
 0.847325
 -0.573825
 -0.771928
 -0.0840111
 -0.740064
 -0.22657
 -0.178615
 0.683456
 0.194476
 -0.785411
 0.642226
 0.0824144
 0.932948
 -0.651031
 -0.683113
 -0.466394
 -0.486014
 0.874871
 -0.632742
 0.338752
 0.206806
 0.112336
 -0.518098
 0.134868
 -0.662496
 0.78948
 -0.328811
 -0.180539
 -0.670498
 -0.195932
 0.672721
 0.195031
 -0.506215
 -0.00853429
 0.575265
 -0.724
 -0.689707
 -0.0154307
 0.696921
 0.0528866
 0.272658
 0.228058
 0.731742
 0.327592
 -0.646268
 0.191423
 0.690128
 0.167727
 0.824411
 0.388082
 0.0511613
 0.140548
 0.293413
 -0.535448
 1.05247
 0.173065
 0.0719988
 0.600739
 0.402191
 0.594268
 0.569082
 -0.292012
 -0.464577
 -0.0515921
 -0.616957
 -0.658752
 0.495585
 -0.311583
 -0.230182
 -0.289526
 -0.318192
 0.496824
 0.0760913
 -0.681817
 0.326168
 -0.110799
 0.311254
 -0.880176
 0.771518
 0.635212
 0.618901
 0.400844
 0.115866
 -0.173112
 -0.257234
 -0.755306
 -0.293122
 0.189239
 0.546652
 -0.901188
 0.694186
 0.161568
 -0.133918
 0.52953
 0.262553
 -0.838212
 0.176166
 -0.270587
 0.0829878
 -0.294771
 0.715548
 -0.529142
 0.0587685
 -0.242231
 0.249323
 -0.232919
 -0.010834
 -0.103746
 0.66023
 -0.807342
 -0.189222
 0.0845216
 -0.500472
 0.863351
 -0.236488
 -0.418654
 0.761674
 0.343342
 -0.201869
 0.562493
 -0.807527
 0.162059
 -0.359983
 -0.216444
 0.129358
 -0.840714
 -0.529415
 0.494424
 0.14788
 -0.749848
 -0.504878
 0.487714
 -0.742392
 -0.280331
 0.484012
 -0.538845
 0.548456
 -0.302976
 -0.741678
