 -0.0307383
 1.29325
 -2.73375
 0.668238
 -0.510434
 3.22052
 -0.570919
 -0.27779
 1.31109
 0.201237
 -3.7809
 2.48237
 -1.0168
 3.39985
 -3.30075
 3.53694
 -3.16714
 -0.316451
 3.25601
 0.0635224
 0.0611127
 0.239319
 -2.70326
 2.82189
 -4.12508
 1.1888
 0.39981
 2.32289
 0.492128
 -0.69916
 -3.03802
 1.24319
 -1.01382
 3.39424
 0.0113642
 -1.32565
 -1.33219
 1.62019
 0.771492
 -2.3853
 2.64628
 0.208757
 0.57801
 -2.85532
 3.26251
 0.759756
 -4.30008
 2.79917
 0.225552
 -2.30826
 4.16717
 -1.01737
 -2.18122
 2.56734
 -0.750107
 -0.919976
 1.91039
 -4.00128
 1.26932
 3.10491
 -3.8605
 4.34889
 -1.39981
 1.3807
 -0.55252
 -0.844209
 -0.547861
 2.57233
 -1.19096
 -2.08218
 4.17997
 -1.18914
 -3.18027
 2.72238
 -3.26617
 4.9668
 -0.98484
 0.294029
 -3.59446
 2.88181
 -1.00016
 3.39377
 -3.7744
 -1.42933
 -0.87457
 1.77862
 -1.25106
 2.14953
 0.0766991
 -0.912828
 0.476244
 2.01793
 0.365931
 -0.436245
 -2.41812
 -0.288924
 -1.44091
 1.3436
 3.85684
 -3.57938
 0.687067
 -0.617946
 1.40316
 -2.18923
 0.229973
 -0.81874
 1.12806
 -0.0936949
 -2.54974
 1.19782
 -1.00189
 4.10046
 -0.12875
 0.923539
 -0.919189
 -0.209708
 -2.69064
 1.34684
 2.59702
 -0.598873
 -3.43048
 3.95976
 0.00789687
 0.487098
 -4.11478
 4.3449
 0.60066
 -0.489148
 0.248157
 -0.0672751
 -3.04347
 2.21263
 -3.14213
 1.15018
 -1.44595
 3.36798
 0.143629
 -3.70305
 1.44497
 0.986227
 -0.666847
 -0.698206
 1.58279
 1.50172
 -4.0729
 1.26926
 -1.44834
 4.44345
 0.362689
 0.292578
 -0.314699
 0.534759
 -4.37796
 4.48775
 -1.46313
 -1.19038
 1.40769
 -2.63386
 -0.343476
 3.3974
 -0.959877
 -0.443763
 -1.88827
 -0.766368
 -0.181479
 2.52847
 -0.935212
 -2.20321
 0.864685
 0.845903
 -0.169526
 2.42812
 -2.51567
 2.85084
 -3.8794
 0.769806
 3.02899
 0.361243
 -2.29877
 0.257924
 -0.623902
 -2.02688
 5.10391
 -0.594451
 -2.27036
 -1.63489
 0.470802
 3.48683
 -4.4686
 3.63312
 1.07211
 -1.50783
 -0.566982
 -0.454689
 1.40294
 -2.4986
 -0.638304
 4.3483
 -3.23126
 3.96721
 -1.02826
 -1.55451
 -1.91865
 -0.132772
 1.49281
 2.82104
 -3.38432
 0.476043
 1.77606
 -3.65489
 2.01171
 1.60574
 -3.10605
 4.46885
 -1.93914
 1.98588
 0.29949
 0.961987
 -1.94549
 -1.65013
 -1.14892
 4.04946
 -4.41635
 2.14974
 -0.442545
 1.19456
 0.621576
 -0.0371972
 0.360013
 -1.50645
 2.18551
 -3.85341
 4.71197
 -2.86164
 -1.05154
 2.14132
 -1.21683
 -1.26997
 3.71191
 0.409445
 -2.95523
 3.34799
 -2.62735
 -1.35279
 2.61705
 -1.90345
 1.56664
 -0.117047
 -3.45083
 0.68071
 -0.95778
 2.91747
 -0.878861
 1.11418
 -1.1043
 -1.75368
 0.974165
 -2.37826
 1.13318
 -0.144624
 2.77199
 -0.980932
 -0.349405
 1.86391
 -0.0440943
 -1.10432
 -2.99267
 4.66
 -4.04237
 1.6619
 -1.53155
 2.81787
 -0.903405
 -1.49683
 -1.43688
 2.9281
 -0.471687
 0.373159
 -1.34028
 -1.8328
 4.75998
 -2.90457
 -0.0713975
 0.866299
 1.21267
 -3.90796
 -0.110717
 -0.151796
 4.13178
 -3.59145
 1.19848
 1.39385
 -0.969221
 -1.17155
 2.34827
 -4.17156
 4.10932
 0.110751
 -1.83813
 -2.37191
 1.5994
 2.94334
 -3.46524
 0.177471
 0.315321
 0.1431
 0.15586
 0.590375
 -0.564091
 0.588674
 1.48482
 -1.10784
 0.983885
 0.0656838
 -2.54163
 -0.102399
 -0.0141512
 0.604374
 2.29601
 -0.0730218
 -3.94588
 2.08785
 -1.73389
 2.75029
 -1.59011
 -0.362801
 -1.48711
 1.85457
 -0.107606
 1.0512
 -3.79739
 1.4014
 0.656206
 1.85451
 -1.37133
 0.367416
 1.04226
 -1.39183
 2.31426
 -4.28458
 2.79517
 -2.15408
 2.30726
 1.93801
 -4.09025
 -0.49673
 -0.238752
 2.80305
 0.559091
 -0.247817
 0.406129
 -1.59302
 -0.836135
 2.58408
 0.687509
 -0.893442
 -3.01677
 2.50837
 2.05997
 -4.56095
 4.85726
 -3.78376
 1.92798
 1.78448
 -0.828658
 -0.483388
 2.24805
 -0.673104
 -4.06675
 0.75757
 0.627535
 3.55147
 -3.69501
 1.3822
 0.107458
 -0.240743
 2.01123
 0.757929
 -3.95159
 -0.374302
 1.41157
 2.64509
 0.201517
 -4.09244
 1.19361
 -0.0128931
 2.9043
 -0.261539
 0.0547844
 -2.60585
 3.81858
 -2.43605
 -0.108194
 0.789752
 1.67883
 0.369282
 0.483476
 -0.0714529
 -3.67628
 1.14887
 0.754143
 1.83674
 0.352391
 -4.49522
 1.58064
 3.1777
 -3.07811
 2.52659
 -3.9725
 2.41317
 1.20412
 -1.85669
 1.46287
 -3.60641
 -0.315707
 -0.00257055
 4.28933
 -0.64933
 -2.81072
 1.79313
 0.150378
 1.10792
 -1.9281
 -1.65195
 0.442333
 4.13841
 -2.44286
 2.17603
 0.257615
 -2.82505
 -1.48017
 2.66626
 -2.02584
 1.74617
 0.0283088
 -2.14161
 2.23501
 -0.227784
 1.56235
 0.0663695
 -3.52679
 1.36983
 3.01633
 -2.66294
 -2.19198
 2.79716
 0.295027
 -0.873677
 -0.0965101
 1.23023
 -0.763288
 -0.280473
 -1.39215
 1.28636
 -2.39592
 2.91599
 -1.75724
 1.46127
 -0.931439
 2.877
 -3.57452
 2.6357
 -1.19116
 2.44031
 -4.5225
 4.75366
 -0.145083
 -4.40645
 1.28971
 -1.22138
 3.95463
 -4.28012
 3.61199
 -2.31574
 0.532053
 2.41568
 -1.73924
 -2.82665
 2.25521
 1.70413
 -2.91645
 1.75159
 -1.77467
 -0.448381
 1.73953
 -3.18086
 2.45769
 -1.08169
 1.61777
 -2.00233
 1.45193
 1.23792
 -2.58932
 0.0558294
 0.0289671
 -1.57864
 2.96876
 -1.24819
 1.85503
 -3.6569
 4.72696
 -3.49635
 0.415197
 0.665759
 1.70199
 -2.0221
 -2.50791
 3.20172
 -1.96646
 3.32131
 -4.63566
 1.40013
 -0.965955
 3.40827
 -2.3896
 3.29842
 -1.01174
 -2.7784
 2.34079
 0.197303
 0.673008
 -0.88273
 0.646311
 1.95283
 -4.00307
 0.348327
 0.667732
 0.516471
 -0.332081
 2.68802
 -0.514862
 -4.25537
 1.95593
 3.62165
 -4.15028
 -0.443519
 2.64407
 -1.56407
 1.76705
 -3.3387
 3.8651
 0.314969
 -3.91774
 1.84892
 -0.494268
 -1.94156
 2.82554
 0.485419
 -3.32598
 -0.963311
 3.29194
 -0.242777
 1.56648
 -2.11412
 1.01857
 -3.17862
 2.96537
 1.05585
 0.804846
 -0.550409
 0.25292
 -2.72499
 4.32546
 -4.53355
 3.76361
 -3.86071
 2.1298
 1.99331
 -0.277931
 -0.673857
 -1.20172
 3.19733
 0.363832
 -4.67701
 1.24714
 -1.06117
 -0.454243
 3.81315
 -0.139357
 -2.26085
 0.807172
 -0.223974
 1.59008
 -0.972279
 -0.676417
 1.4881
 -1.19754
 0.891911
 -0.789341
 0.728756
 -0.722397
 -2.19471
 0.982745
 0.977348
 1.02135
 -0.468988
 -1.82663
 4.00934
 -0.594461
 0.10995
 1.14651
 -3.76051
 4.62182
 -3.58208
 2.61302
 -2.29665
 0.671497
 0.666392
 1.79622
 -3.55031
 2.65988
 -0.814492
 -2.99633
 4.65069
 -3.77625
 -0.192097
 -0.341747
 3.95499
 0.278664
 -0.459252
 0.431821
 -3.4266
 0.756459
 2.70383
 -4.00281
 3.72635
 -2.21952
 1.98543
 -0.893183
 1.19389
 0.104773
 -4.08598
 0.467203
 -1.05739
 2.62347
 1.20628
 -1.60835
 -1.41557
 -0.734729
 1.69273
 1.97421
 -4.15228
 -0.0255893
 4.15991
 -0.568257
 -0.312392
 -2.22448
 2.92022
 0.592499
 0.806558
 -2.95034
 3.26847
 -2.31518
 -0.390298
 -0.568743
 3.65948
 -2.46286
 0.940132
 -1.97502
 2.10495
 0.358639
 -3.6312
 3.94824
 -0.0356433
 0.939882
 -2.26326
 2.71798
 -2.63514
 1.87741
 -4.06496
 2.6229
 -2.77333
 5.00118
 0.328707
 -4.41251
 -0.820435
 0.977162
 0.143921
 -0.142477
 2.61342
 -4.35915
 2.56422
 -0.176172
 -2.04933
 3.30474
 -3.43533
 2.87996
 -0.427771
 1.54778
 -2.99718
 3.73022
 -3.14781
 2.77481
 -2.16504
 -0.216202
 -1.48991
 3.41547
 -1.39792
 -1.35547
 -0.367111
 0.955827
 -1.4478
 3.92284
 -1.06783
 1.03344
 -0.314651
 -1.20208
 -0.00974084
 0.0251269
 0.976045
 -0.330044
 -0.196705
 -2.65873
 1.74058
 0.707494
 0.648279
 -2.96129
 3.73238
 -1.99296
 2.06424
 -2.95578
 3.68519
 -0.915144
 0.859592
 -2.26512
 2.18769
 -2.68136
 4.39137
 -1.19359
 1.61584
 -1.39262
 -0.382779
 2.36781
 -1.89443
 1.01584
 -1.61228
 -1.24176
 1.52561
 -1.18008
 1.53848
 -0.530177
 -0.58151
 0.879332
 2.23099
 -0.878077
 -2.12015
 1.33635
 -1.57067
 2.38835
 -1.09769
 1.66721
 -1.40045
 1.90307
 0.416796
 -3.96496
 3.68386
 -3.38838
 4.61041
 -4.92301
 0.539978
 2.94412
 -3.52156
 0.57915
 3.96212
 -2.97336
 2.35669
 -2.78522
 0.764247
 2.93586
 -3.63118
 0.532391
 0.636459
 1.20292
 0.383698
 -1.82302
 -1.70328
 -0.0516611
 4.45294
 -1.29709
 -3.66987
 -0.459485
 3.68755
 0.0462637
 -2.39976
 3.12689
 -1.74148
 0.85058
 1.91362
 -4.10089
 -0.068382
 0.908232
 0.446087
 2.38611
 -4.33334
 0.0629368
 2.09957
 1.08141
 -2.86195
 -0.98585
 1.93398
 -0.721618
 -0.0832919
 2.50992
 -1.0593
 0.854977
 0.740637
 0.636385
 -3.76905
 4.24164
 -0.198532
 -4.05773
 2.9164
 -2.83255
 4.81604
 -1.78749
 -3.50873
 0.526681
 2.86533
 1.27179
 -4.12049
 3.44569
 -0.576562
 2.17507
 -1.56491
 -1.80942
 1.97155
 -0.725114
 -2.52917
 -0.634527
 4.30101
 -1.03405
 1.63865
 -2.93741
 0.9541
 1.87734
 0.672565
 -0.275584
 1.2712
 -3.84017
 2.97998
 -2.51517
 4.25824
 -0.925568
 0.222411
 -3.77407
 0.612895
 1.56828
 -2.67106
 3.18859
 -3.88378
 1.25897
 1.66712
 -0.399939
 1.13858
 -0.447842
 -2.86473
 1.58412
 3.03576
 -2.37343
 2.34293
 -2.69381
 3.73649
 -4.26287
 -1.04767
 2.06332
 -2.24461
 1.15094
 -0.368594
 2.49238
 -1.01694
 -3.07702
 4.20392
 -1.38084
 2.45704
 -4.14492
 -0.908311
 0.818501
 -0.818371
 3.96275
 -4.33855
 2.43338
 0.500289
 -0.347242
 -1.93368
 1.48218
 -2.44609
 4.38784
 -2.79874
 -0.0307724
 -1.59632
 0.886226
 2.72673
 -1.25448
 -2.19147
 1.74343
 2.0366
 -4.0885
 -0.428232
 1.68506
 2.25748
 -1.55094
 0.401448
 0.545705
 1.41515
 -0.719503
 -2.75111
 2.23105
 1.95941
 -1.45394
 2.03235
 -0.573295
 -1.05314
 0.702873
 0.578785
 -2.23157
 4.43123
 -1.94317
 -0.363888
 1.807
 0.110936
 0.989197
 0.0808577
 -2.55583
 -0.149065
 0.874929
 -1.92501
 -0.928664
 3.48986
 -1.99004
 -0.729008
 -0.15101
 0.0852861
 2.30952
 -0.880367
 -2.95942
 3.18879
 -0.819321
 0.967823
 -3.52126
 4.96294
 0.111926
 0.20237
 -0.279455
 -0.493413
 -0.862233
 -0.415574
 -1.62191
 0.958317
 1.21501
 1.14011
 -4.2546
 4.5814
 -0.751358
 -1.39487
 2.10751
 -0.629088
 -3.62249
 2.81402
 -0.937618
 0.763428
 -0.978071
 3.03683
 -3.73253
 1.41313
 -0.33792
 1.23206
 -1.87778
 1.01838
 -0.2689
 2.61263
 -4.53019
 1.39203
 0.878671
 -1.68115
 3.7122
 -2.72986
 -0.921054
 3.86715
 -0.885241
 -2.03057
 2.93798
 -4.36609
 2.49711
 -1.03058
 -0.352885
 1.45492
 -3.09197
 0.199349
 3.41453
 -1.49828
 -2.75989
 0.656222
 2.87822
 -3.99373
 0.723468
 2.90147
 -3.68392
 3.05935
 -2.22102
 -1.39362
