 -0.00922149
 0.380599
 -0.515922
 -0.20011
 -0.359116
 0.712918
 0.408884
 0.290482
 0.579962
 0.495673
 -0.738996
 0.124853
 -0.266856
 0.872202
 -0.304286
 0.858595
 -0.34099
 -0.32172
 0.648282
 0.550709
 0.511202
 0.444113
 -0.48964
 0.430946
 -0.93959
 -0.340542
 -0.210471
 0.587993
 0.64476
 0.334587
 -0.674106
 -0.210724
 -0.516677
 0.656977
 0.534744
 0.0859372
 -0.367997
 0.145875
 0.333942
 -0.410042
 0.465618
 0.392266
 0.534011
 -0.450582
 0.598247
 0.652405
 -0.712101
 0.247196
 0.186267
 -0.476792
 0.862444
 0.348872
 -0.310625
 0.46676
 0.104683
 -0.1479
 0.424968
 -0.877655
 -0.293765
 0.63786
 -0.589219
 0.881788
 0.210919
 0.651686
 0.298834
 -0.0183926
 -0.216566
 0.574408
 0.100961
 -0.506923
 0.805655
 0.260801
 -0.676438
 0.221634
 -0.8506
 0.875716
 0.366677
 0.469254
 -0.758147
 0.233998
 -0.167614
 0.954114
 -0.3873
 -0.703613
 -0.911382
 -0.189146
 -0.489075
 0.320198
 0.275872
 -0.011079
 0.117
 0.672371
 0.653773
 0.405617
 -0.43573
 -0.476742
 -0.85571
 -0.256785
 0.968296
 -0.240893
 0.0613301
 -0.226838
 0.255795
 -0.454792
 -0.270653
 -0.495986
 -0.032525
 -0.0439717
 -0.763982
 -0.251571
 -0.524839
 0.863811
 0.659105
 0.866893
 0.367758
 0.198318
 -0.701857
 -0.177607
 0.605431
 0.357521
 -0.707597
 0.578857
 0.412072
 0.55406
 -0.819795
 0.623464
 0.612911
 0.430289
 0.393794
 0.250058
 -0.733115
 0.0577738
 -0.936405
 -0.341734
 -0.735887
 0.480112
 0.435312
 -0.695233
 -0.148858
 0.114356
 -0.0547998
 -0.23172
 0.273293
 0.664424
 -0.661978
 -0.150261
 -0.63056
 0.877183
 0.811242
 0.808667
 0.506618
 0.517893
 -0.943978
 0.570932
 -0.047455
 -0.30041
 0.141406
 -0.691715
 -0.624083
 0.489358
 0.136905
 0.0440622
 -0.56961
 -0.701995
 -0.632815
 0.278437
 -0.0189611
 -0.619768
 -0.263138
 0.0205483
 0.00994117
 0.760326
 -0.152223
 0.753094
 -0.626158
 -0.237176
 0.646406
 0.665195
 -0.111854
 -0.0478324
 -0.28657
 -0.826235
 0.871528
 0.515917
 -0.176264
 -0.685426
 -0.462873
 0.674685
 -0.754307
 0.543867
 0.675471
 0.158949
 -0.0580549
 -0.239212
 0.216565
 -0.573222
 -0.623141
 0.771146
 -0.32799
 1.00424
 0.420937
 -0.0808832
 -0.700614
 -0.641296
 -0.073711
 0.82825
 -0.302751
 -0.0727342
 0.394295
 -0.761659
 0.019868
 0.441286
 -0.519826
 0.942077
 0.115127
 0.755986
 0.628403
 0.797976
 0.0197312
 -0.506253
 -0.809426
 0.55323
 -0.860129
 0.0395752
 -0.173385
 0.281381
 0.410438
 0.333331
 0.364585
 -0.184715
 0.49316
 -0.793757
 0.809629
 -0.270829
 -0.44744
 0.217554
 -0.191231
 -0.484966
 0.702482
 0.680667
 -0.279851
 0.745153
 -0.261152
 -0.56648
 0.27139
 -0.354853
 0.245623
 0.129121
 -0.902147
 -0.530055
 -0.751752
 0.331364
 0.0253218
 0.41884
 -0.0243561
 -0.541484
 -0.172361
 -0.866074
 -0.311613
 -0.3034
 0.644684
 0.238367
 0.123904
 0.612182
 0.457362
 0.0476563
 -0.893013
 0.647125
 -0.72228
 0.0152488
 -0.517976
 0.479768
 0.103105
 -0.315614
 -0.717874
 0.281318
 0.0906935
 0.252653
 -0.22046
 -0.7327
 0.817057
 -0.22142
 -0.11295
 0.0978925
 0.44788
 -0.794947
 -0.664144
 -0.638447
 0.771945
 -0.419742
 0.0936671
 0.414727
 0.0704129
 -0.282349
 0.444596
 -0.911174
 0.543183
 0.406407
 -0.141056
 -0.849542
 -0.245084
 0.675245
 -0.434239
 -0.253117
 -0.181458
 -0.0791938
 0.00556456
 0.191401
 -0.0118206
 0.171459
 0.566519
 0.126521
 0.40127
 0.29863
 -0.522158
 -0.46738
 -0.417847
 -0.123321
 0.61897
 0.500033
 -0.758186
 -0.0173864
 -0.599379
 0.409437
 -0.159545
 -0.182628
 -0.628772
 0.0552542
 0.0113222
 0.376187
 -0.842289
 -0.248207
 -0.0566653
 0.570437
 0.0686034
 0.180812
 0.411386
 -0.0900743
 0.624689
 -0.821073
 0.207392
 -0.551374
 0.320418
 0.81171
 -0.530919
 -0.572434
 -0.615116
 0.373991
 0.502816
 0.38582
 0.41207
 -0.182691
 -0.413654
 0.409299
 0.537564
 0.21089
 -0.753323
 0.108288
 0.666851
 -0.767133
 0.858591
 -0.531385
 0.238903
 0.65015
 0.312639
 0.113119
 0.718165
 0.350181
 -0.922711
 -0.555604
 -0.313635
 0.876152
 -0.366802
 0.166432
 0.0802084
 0.0217597
 0.618385
 0.713342
 -0.597754
 -0.61769
 -0.147385
 0.707629
 0.679223
 -0.654535
 -0.207045
 -0.24646
 0.724424
 0.517943
 0.467209
 -0.452089
 0.752842
 -0.175071
 -0.110657
 0.0875734
 0.578207
 0.590912
 0.627663
 0.450409
 -0.771988
 -0.306602
 -0.075288
 0.546721
 0.570988
 -0.874942
 -0.255158
 0.675573
 -0.317693
 0.551862
 -0.820365
 0.104826
 0.383347
 -0.185273
 0.299931
 -0.884709
 -0.779588
 -0.670704
 0.795335
 0.488341
 -0.379536
 0.180648
 0.131878
 0.479027
 -0.19993
 -0.655824
 -0.435807
 0.889227
 0.0223006
 0.732557
 0.588483
 -0.362726
 -0.767697
 0.126359
 -0.497331
 0.197129
 0.140234
 -0.491711
 0.268168
 0.11637
 0.61008
 0.492996
 -0.659476
 -0.149149
 0.72594
 -0.166595
 -0.751195
 0.169966
 0.211305
 -0.0210419
 -0.0517271
 0.302949
 0.0140986
 -0.0571626
 -0.48726
 -0.00831261
 -0.733081
 0.327504
 -0.285732
 0.274351
 -0.0926669
 0.813599
 -0.442933
 0.465721
 -0.0610003
 0.729763
 -0.804405
 0.804701
 0.52087
 -0.81896
 -0.309069
 -0.688536
 0.695887
 -0.71577
 0.580908
 -0.308294
 -0.0193231
 0.661354
 0.024624
 -0.802122
 -0.0190355
 0.467359
 -0.432059
 0.19824
 -0.431058
 -0.44069
 0.146241
 -0.819868
 0.123362
 -0.263852
 0.339344
 -0.343206
 0.185794
 0.483966
 -0.359071
 -0.267248
 -0.257653
 -0.659333
 0.382067
 -0.0700104
 0.562818
 -0.67936
 0.890853
 -0.398375
 -0.114691
 0.0309702
 0.555857
 -0.144138
 -0.855533
 0.225515
 -0.424875
 0.736759
 -0.830543
 -0.19633
 -0.527782
 0.656003
 -0.184111
 0.898567
 0.35653
 -0.512242
 0.237132
 0.201402
 0.416648
 0.0603204
 0.233174
 0.741684
 -0.604506
 -0.37244
 -0.175409
 0.0511348
 -0.0264059
 0.797195
 0.475183
 -0.871626
 -0.15923
 0.892462
 -0.461289
 -0.45591
 0.336274
 -0.181593
 0.440622
 -0.683323
 0.635041
 0.550195
 -0.663665
 -0.00531939
 -0.223612
 -0.705516
 0.284074
 0.364024
 -0.641694
 -0.813268
 0.282107
 0.180882
 0.693661
 -0.099253
 0.224608
 -0.830374
 0.240146
 0.471638
 0.690915
 0.38627
 0.360674
 -0.57251
 0.82197
 -0.744164
 0.605978
 -0.757347
 0.103552
 0.618027
 0.467688
 0.18853
 -0.250769
 0.725172
 0.670789
 -0.821313
 -0.318948
 -0.656328
 -0.601595
 0.676778
 0.5281
 -0.188755
 0.0499997
 -0.081805
 0.432294
 0.0531587
 -0.142956
 0.299175
 -0.130208
 0.187108
 -0.113928
 0.141144
 -0.119509
 -0.742037
 -0.312112
 0.0296162
 0.381427
 0.191693
 -0.390694
 0.862759
 0.484419
 0.480407
 0.676535
 -0.617254
 0.87978
 -0.440408
 0.508649
 -0.35871
 -0.0427339
 0.121941
 0.659555
 -0.525994
 0.384887
 -0.00612795
 -0.850947
 0.690444
 -0.610844
 -0.455114
 -0.537144
 0.782876
 0.737248
 0.515871
 0.498996
 -0.678672
 -0.337975
 0.485477
 -0.766109
 0.552149
 -0.290594
 0.436294
 0.0348363
 0.415058
 0.334244
 -0.951637
 -0.641403
 -0.886304
 0.136912
 0.501735
 -0.0119958
 -0.433201
 -0.61439
 0.00416563
 0.61656
 -0.701945
 -0.553166
 0.730009
 0.451484
 0.341166
 -0.443063
 0.488361
 0.532719
 0.721563
 -0.327367
 0.692335
 -0.206279
 -0.232522
 -0.411656
 0.773087
 -0.108635
 0.2508
 -0.458149
 0.275613
 0.300902
 -0.804782
 0.530341
 0.360979
 0.652071
 -0.18366
 0.651018
 -0.324769
 0.339377
 -1.00431
 0.0159914
 -0.870854
 0.881237
 0.781362
 -0.610314
 -0.779216
 -0.419877
 -0.262793
 -0.194271
 0.651321
 -0.777364
 0.180186
 0.0149378
 -0.538535
 0.554263
 -0.610971
 0.435555
 0.15982
 0.648101
 -0.404693
 0.796378
 -0.368826
 0.593542
 -0.243295
 -0.217801
 -0.669133
 0.498093
 -0.0187595
 -0.354051
 -0.433999
 -0.0763315
 -0.47604
 0.830038
 0.33357
 0.63647
 0.359396
 -0.0866559
 -0.106844
 -0.107934
 0.213653
 0.0802187
 0.0194892
 -0.797545
 -0.123126
 0.0898133
 0.327171
 -0.611712
 0.626889
 -0.142395
 0.573445
 -0.477799
 0.745103
 0.266312
 0.529325
 -0.302173
 0.403304
 -0.528567
 0.931956
 0.344046
 0.826493
 0.183518
 0.0226014
 0.673799
 -0.0423547
 0.294738
 -0.301762
 -0.604094
 -0.0528371
 -0.39126
 0.198004
 -0.00866416
 -0.14909
 0.129229
 0.765671
 0.366448
 -0.329553
 0.0852696
 -0.443522
 0.39581
 -0.0287334
 0.52112
 -0.0341574
 0.557133
 0.531123
 -0.746496
 0.483286
 -0.696578
 0.902547
 -0.807755
 -0.409077
 0.464829
 -0.639769
 -0.282285
 0.901946
 -0.133315
 0.656082
 -0.39057
 -0.0584069
 0.777816
 -0.440086
 -0.158723
 -0.0141698
 0.376624
 0.436494
 -0.187987
 -0.680417
 -0.601364
 0.851321
 0.332475
 -0.760985
 -0.808819
 0.402382
 0.378617
 -0.334576
 0.645292
 -0.054782
 0.259985
 0.733664
 -0.636019
 -0.523277
 -0.224658
 -0.0113222
 0.749748
 -0.68603
 -0.510842
 0.13922
 0.473445
 -0.426586
 -0.637723
 0.0140199
 -0.190204
 -0.120113
 0.648552
 0.206959
 0.451959
 0.537492
 0.614922
 -0.654183
 0.725194
 0.453317
 -0.778178
 0.214688
 -0.745275
 0.921055
 0.16779
 -0.838378
 -0.578068
 0.350568
 0.718256
 -0.600121
 0.541487
 0.178615
 0.860881
 0.189432
 -0.38629
 0.222225
 -0.0669963
 -0.768757
 -0.822427
 0.6103
 0.21656
 0.751154
 -0.326481
 0.0216238
 0.515234
 0.641066
 0.450431
 0.717007
 -0.618245
 0.387345
 -0.516603
 0.926475
 0.424217
 0.468991
 -0.814492
 -0.493882
 0.0191701
 -0.733022
 0.415866
 -0.861262
 -0.244772
 0.248094
 0.133396
 0.48094
 0.229063
 -0.675675
 -0.0947755
 0.796264
 -0.0208587
 0.721528
 -0.300663
 0.900199
 -0.618471
 -0.759998
 -0.0735951
 -0.710488
 -0.156057
 -0.253028
 0.590743
 0.174166
 -0.750354
 0.618192
 0.0405155
 0.85237
 -0.605843
 -0.743122
 -0.430886
 -0.565451
 0.79118
 -0.653589
 0.270643
 0.282196
 0.175641
 -0.444337
 0.0664731
 -0.707556
 0.790118
 -0.231381
 -0.118009
 -0.641069
 -0.23965
 0.623284
 0.165644
 -0.486753
 0.0843976
 0.646828
 -0.662692
 -0.642803
 -0.0849915
 0.641399
 0.104338
 0.226731
 0.291264
 0.653727
 0.303114
 -0.58615
 0.157593
 0.672394
 0.157634
 0.747526
 0.371379
 -0.0101962
 0.15951
 0.270363
 -0.443261
 0.973199
 0.159689
 0.0833975
 0.539345
 0.448002
 0.671617
 0.533519
 -0.35727
 -0.365456
 -0.0815521
 -0.621635
 -0.743951
 0.43756
 -0.222747
 -0.322834
 -0.347679
 -0.251829
 0.511201
 0.165038
 -0.722294
 0.340838
 -0.0113479
 0.353073
 -0.797705
 0.855038
 0.667809
 0.683994
 0.41997
 0.146143
 -0.179537
 -0.293334
 -0.734538
 -0.292069
 0.133607
 0.498113
 -0.850793
 0.693121
 0.261007
 -0.120731
 0.494858
 0.173765
 -0.91915
 0.0778508
 -0.263339
 0.0973284
 -0.225253
 0.746936
 -0.535786
 0.0341309
 -0.148542
 0.290789
 -0.330441
 0.0577686
 -0.0676577
 0.756171
 -0.757453
 -0.162906
 0.0503928
 -0.410867
 0.807798
 -0.194394
 -0.377011
 0.790248
 0.365385
 -0.256165
 0.624327
 -0.853351
 0.110889
 -0.29171
 -0.272082
 0.208312
 -0.752482
 -0.513116
 0.573781
 0.0514382
 -0.724545
 -0.431319
 0.486332
 -0.759174
 -0.337996
 0.533375
 -0.633113
 0.461023
 -0.363687
 -0.649527
