 0
 1
 -0.02
 0.0844
 0.033232
 0.119093
 0.0893887
 0.0798285
 0.0641278
 0.0602725
 0.0544268
 0.0493936
 0.0440026
 0.0394867
 0.0354375
 0.0318632
 0.0286131
 0.0256939
 0.0230694
 0.020717
 0.0186043
 0.0167071
 0.015003
 0.0134727
 0.0120986
 0.0108646
 0.0097565
 0.0087614
 0.00786779
 0.00706533
 0.00634471
 0.00569759
 0.00511647
 0.00459462
 0.004126
 0.00370518
 0.00332727
 0.00298791
 0.00268316
 0.0024095
 0.00216374
 0.00194306
 0.00174488
 0.00156691
 0.0014071
 0.00126358
 0.0011347
 0.00101897
 0.000915043
 0.000821715
 0.000737905
 -1.99934
 0.0405951
 -0.168266
 -0.0659841
 -0.237755
 -0.17839
 -0.15931
 -0.127944
 -0.120265
 -0.108602
 -0.0985612
 -0.0878022
 -0.0787911
 -0.0707114
 -0.0635794
 -0.0570942
 -0.0512693
 -0.0460324
 -0.0413385
 -0.0371228
 -0.0333372
 -0.0299367
 -0.0268833
 -0.0241413
 -0.0216791
 -0.019468
 -0.0174824
 -0.0156993
 -0.0140981
 -0.0126602
 -0.0113689
 -0.0102093
 -0.00916805
 -0.00823297
 -0.00739326
 -0.0066392
 -0.00596204
 -0.00535395
 -0.00480788
 -0.00431751
 -0.00387715
 -0.00348171
 -0.00312659
 -0.0028077
 -0.00252133
 -0.00226417
 -0.00203324
 -0.00182587
 -0.00163964
 -0.00147241
 1.99868
 -0.0411874
 0.167734
 0.0655065
 0.237326
 0.178005
 0.158964
 0.127633
 0.119986
 0.108352
 0.0983362
 0.0876002
 0.0786097
 0.0705485
 0.0634332
 0.0569628
 0.0511513
 0.0459264
 0.0412433
 0.0370374
 0.0332604
 0.0298679
 0.0268214
 0.0240858
 0.0216292
 0.0194232
 0.0174422
 0.0156632
 0.0140656
 0.012631
 0.0113427
 0.0101858
 0.00914696
 0.00821403
 0.00737625
 0.00662392
 0.00594832
 0.00534163
 0.00479682
 0.00430757
 0.00386823
 0.00347369
 0.0031194
 0.00280124
 0.00251553
 0.00225896
 0.00202856
 0.00182166
 0.00163587
 0.00146902
 -1.99868
 0.0411846
 -0.167736
 -0.0655087
 -0.237328
 -0.178007
 -0.158965
 -0.127634
 -0.119987
 -0.108353
 -0.0983373
 -0.0876012
 -0.0786106
 -0.0705492
 -0.0634338
 -0.0569634
 -0.0511519
 -0.0459269
 -0.0412438
 -0.0370378
 -0.0332608
 -0.0298682
 -0.0268217
 -0.0240861
 -0.0216295
 -0.0194234
 -0.0174423
 -0.0156633
 -0.0140658
 -0.0126312
 -0.0113429
 -0.010186
 -0.00914706
 -0.00821411
 -0.00737633
 -0.00662399
 -0.00594838
 -0.00534169
 -0.00479687
 -0.00430762
 -0.00386827
 -0.00347373
 -0.00311943
 -0.00280127
 -0.00251556
 -0.00225899
 -0.00202859
 -0.00182168
 -0.00163588
 -0.00146903
 1.99868
 -0.0411847
 0.167736
 0.0655087
 0.237328
 0.178007
 0.158965
 0.127634
 0.119987
 0.108353
 0.0983373
 0.0876012
 0.0786106
 0.0705492
 0.0634338
 0.0569634
 0.0511519
 0.0459269
 0.0412438
 0.0370378
 0.0332608
 0.0298682
 0.0268217
 0.0240861
 0.0216295
 0.0194234
 0.0174423
 0.0156633
 0.0140658
 0.0126312
 0.0113429
 0.010186
 0.00914705
 0.00821411
 0.00737633
 0.00662399
 0.00594838
 0.00534169
 0.00479687
 0.00430762
 0.00386827
 0.00347373
 0.00311943
 0.00280127
 0.00251556
 0.00225899
 0.00202859
 0.00182168
 0.00163588
 0.00146903
 -1.99868
 0.0411847
 -0.167736
 -0.0655087
 -0.237328
 -0.178007
 -0.158965
 -0.127634
 -0.119987
 -0.108353
 -0.0983373
 -0.0876012
 -0.0786106
 -0.0705492
 -0.0634338
 -0.0569634
 -0.0511519
 -0.0459269
 -0.0412438
 -0.0370378
 -0.0332608
 -0.0298682
 -0.0268217
 -0.0240861
 -0.0216295
 -0.0194234
 -0.0174423
 -0.0156633
 -0.0140658
 -0.0126312
 -0.0113429
 -0.010186
 -0.00914705
 -0.00821411
 -0.00737633
 -0.00662399
 -0.00594838
 -0.00534169
 -0.00479687
 -0.00430762
 -0.00386827
 -0.00347373
 -0.00311943
 -0.00280127
 -0.00251556
 -0.00225899
 -0.00202859
 -0.00182168
 -0.00163588
 -0.00146903
 1.99868
 -0.0411847
 0.167736
 0.0655087
 0.237328
 0.178007
 0.158965
 0.127634
 0.119987
 0.108353
 0.0983373
 0.0876012
 0.0786106
 0.0705492
 0.0634338
 0.0569634
 0.0511519
 0.0459269
 0.0412438
 0.0370378
 0.0332608
 0.0298682
 0.0268217
 0.0240861
 0.0216295
 0.0194234
 0.0174423
 0.0156633
 0.0140658
 0.0126312
 0.0113429
 0.010186
 0.00914705
 0.00821411
 0.00737633
 0.00662399
 0.00594838
 0.00534169
 0.00479687
 0.00430762
 0.00386827
 0.00347373
 0.00311943
 0.00280127
 0.00251556
 0.00225899
 0.00202859
 0.00182168
 0.00163588
 0.00146903
 -1.99868
 0.0411847
 -0.167736
 -0.0655087
 -0.237328
 -0.178007
 -0.158965
 -0.127634
 -0.119987
 -0.108353
 -0.0983373
 -0.0876012
 -0.0786106
 -0.0705492
 -0.0634338
 -0.0569634
 -0.0511519
 -0.0459269
 -0.0412438
 -0.0370378
 -0.0332608
 -0.0298682
 -0.0268217
 -0.0240861
 -0.0216295
 -0.0194234
 -0.0174423
 -0.0156633
 -0.0140658
 -0.0126312
 -0.0113429
 -0.010186
 -0.00914705
 -0.00821411
 -0.00737633
 -0.00662399
 -0.00594838
 -0.00534169
 -0.00479687
 -0.00430762
 -0.00386827
 -0.00347373
 -0.00311943
 -0.00280127
 -0.00251556
 -0.00225899
 -0.00202859
 -0.00182168
 -0.00163588
 -0.00146903
 1.99868
 -0.0411847
 0.167736
 0.0655087
 0.237328
 0.178007
 0.158965
 0.127634
 0.119987
 0.108353
 0.0983373
 0.0876012
 0.0786106
 0.0705492
 0.0634338
 0.0569634
 0.0511519
 0.0459269
 0.0412438
 0.0370378
 0.0332608
 0.0298682
 0.0268217
 0.0240861
 0.0216295
 0.0194234
 0.0174423
 0.0156633
 0.0140658
 0.0126312
 0.0113429
 0.010186
 0.00914705
 0.00821411
 0.00737633
 0.00662399
 0.00594838
 0.00534169
 0.00479687
 0.00430762
 0.00386827
 0.00347373
 0.00311943
 0.00280127
 0.00251556
 0.00225899
 0.00202859
 0.00182168
 0.00163588
 0.00146903
 -1.99868
 0.0411847
 -0.167736
 -0.0655087
 -0.237328
 -0.178007
 -0.158965
 -0.127634
 -0.119987
 -0.108353
 -0.0983373
 -0.0876012
 -0.0786106
 -0.0705492
 -0.0634338
 -0.0569634
 -0.0511519
 -0.0459269
 -0.0412438
 -0.0370378
 -0.0332608
 -0.0298682
 -0.0268217
 -0.0240861
 -0.0216295
 -0.0194234
 -0.0174423
 -0.0156633
 -0.0140658
 -0.0126312
 -0.0113429
 -0.010186
 -0.00914705
 -0.00821411
 -0.00737633
 -0.00662399
 -0.00594838
 -0.00534169
 -0.00479687
 -0.00430762
 -0.00386827
 -0.00347373
 -0.00311943
 -0.00280127
 -0.00251556
 -0.00225899
 -0.00202859
 -0.00182168
 -0.00163588
 -0.00146903
