 0
 1.02
 0.9156
 0.966768
 0.880907
 0.910611
 0.920171
 0.935872
 0.939728
 0.945573
 0.950606
 0.955997
 0.960513
 0.964562
 0.968137
 0.971387
 0.974306
 0.976931
 0.979283
 0.981396
 0.983293
 0.984997
 0.986527
 0.987901
 0.989135
 0.990243
 0.991239
 0.992132
 0.992935
 0.993655
 0.994302
 0.994884
 0.995405
 0.995874
 0.996295
 0.996673
 0.997012
 0.997317
 0.997591
 0.997836
 0.998057
 0.998255
 0.998433
 0.998593
 0.998736
 0.998865
 0.998981
 0.999085
 0.999178
 0.999262
 0.999337
 -1.0406
 -0.831734
 -0.934016
 -0.762245
 -0.82161
 -0.84069
 -0.872056
 -0.879735
 -0.891398
 -0.901439
 -0.912198
 -0.921209
 -0.929289
 -0.936421
 -0.942906
 -0.948731
 -0.953968
 -0.958662
 -0.962877
 -0.966663
 -0.970063
 -0.973117
 -0.975859
 -0.978321
 -0.980532
 -0.982518
 -0.984301
 -0.985902
 -0.98734
 -0.988631
 -0.989791
 -0.990832
 -0.991767
 -0.992607
 -0.993361
 -0.994038
 -0.994646
 -0.995192
 -0.995682
 -0.996123
 -0.996518
 -0.996873
 -0.997192
 -0.997479
 -0.997736
 -0.997967
 -0.998174
 -0.99836
 -0.998528
 -0.998678
 1.04119
 0.832266
 0.934494
 0.762674
 0.821995
 0.841036
 0.872367
 0.880014
 0.891648
 0.901664
 0.9124
 0.92139
 0.929452
 0.936567
 0.943037
 0.948849
 0.954074
 0.958757
 0.962963
 0.96674
 0.970132
 0.973179
 0.975914
 0.978371
 0.980577
 0.982558
 0.984337
 0.985934
 0.987369
 0.988657
 0.989814
 0.990853
 0.991786
 0.992624
 0.993376
 0.994052
 0.994658
 0.995203
 0.995692
 0.996132
 0.996526
 0.996881
 0.997199
 0.997484
 0.997741
 0.997971
 0.998178
 0.998364
 0.998531
 0.998681
 -1.04118
 -0.832264
 -0.934491
 -0.762672
 -0.821993
 -0.841035
 -0.872366
 -0.880013
 -0.891647
 -0.901663
 -0.912399
 -0.921389
 -0.929451
 -0.936566
 -0.943037
 -0.948848
 -0.954073
 -0.958756
 -0.962962
 -0.966739
 -0.970132
 -0.973178
 -0.975914
 -0.978371
 -0.980577
 -0.982558
 -0.984337
 -0.985934
 -0.987369
 -0.988657
 -0.989814
 -0.990853
 -0.991786
 -0.992624
 -0.993376
 -0.994052
 -0.994658
 -0.995203
 -0.995692
 -0.996132
 -0.996526
 -0.996881
 -0.997199
 -0.997484
 -0.997741
 -0.997971
 -0.998178
 -0.998364
 -0.998531
 -0.998681
 1.04118
 0.832264
 0.934491
 0.762672
 0.821993
 0.841035
 0.872366
 0.880013
 0.891647
 0.901663
 0.912399
 0.921389
 0.929451
 0.936566
 0.943037
 0.948848
 0.954073
 0.958756
 0.962962
 0.966739
 0.970132
 0.973178
 0.975914
 0.978371
 0.980577
 0.982558
 0.984337
 0.985934
 0.987369
 0.988657
 0.989814
 0.990853
 0.991786
 0.992624
 0.993376
 0.994052
 0.994658
 0.995203
 0.995692
 0.996132
 0.996526
 0.996881
 0.997199
 0.997484
 0.997741
 0.997971
 0.998178
 0.998364
 0.998531
 0.998681
 -1.04118
 -0.832264
 -0.934491
 -0.762672
 -0.821993
 -0.841035
 -0.872366
 -0.880013
 -0.891647
 -0.901663
 -0.912399
 -0.921389
 -0.929451
 -0.936566
 -0.943037
 -0.948848
 -0.954073
 -0.958756
 -0.962962
 -0.966739
 -0.970132
 -0.973178
 -0.975914
 -0.978371
 -0.980577
 -0.982558
 -0.984337
 -0.985934
 -0.987369
 -0.988657
 -0.989814
 -0.990853
 -0.991786
 -0.992624
 -0.993376
 -0.994052
 -0.994658
 -0.995203
 -0.995692
 -0.996132
 -0.996526
 -0.996881
 -0.997199
 -0.997484
 -0.997741
 -0.997971
 -0.998178
 -0.998364
 -0.998531
 -0.998681
 1.04118
 0.832264
 0.934491
 0.762672
 0.821993
 0.841035
 0.872366
 0.880013
 0.891647
 0.901663
 0.912399
 0.921389
 0.929451
 0.936566
 0.943037
 0.948848
 0.954073
 0.958756
 0.962962
 0.966739
 0.970132
 0.973178
 0.975914
 0.978371
 0.980577
 0.982558
 0.984337
 0.985934
 0.987369
 0.988657
 0.989814
 0.990853
 0.991786
 0.992624
 0.993376
 0.994052
 0.994658
 0.995203
 0.995692
 0.996132
 0.996526
 0.996881
 0.997199
 0.997484
 0.997741
 0.997971
 0.998178
 0.998364
 0.998531
 0.998681
 -1.04118
 -0.832264
 -0.934491
 -0.762672
 -0.821993
 -0.841035
 -0.872366
 -0.880013
 -0.891647
 -0.901663
 -0.912399
 -0.921389
 -0.929451
 -0.936566
 -0.943037
 -0.948848
 -0.954073
 -0.958756
 -0.962962
 -0.966739
 -0.970132
 -0.973178
 -0.975914
 -0.978371
 -0.980577
 -0.982558
 -0.984337
 -0.985934
 -0.987369
 -0.988657
 -0.989814
 -0.990853
 -0.991786
 -0.992624
 -0.993376
 -0.994052
 -0.994658
 -0.995203
 -0.995692
 -0.996132
 -0.996526
 -0.996881
 -0.997199
 -0.997484
 -0.997741
 -0.997971
 -0.998178
 -0.998364
 -0.998531
 -0.998681
 1.04118
 0.832264
 0.934491
 0.762672
 0.821993
 0.841035
 0.872366
 0.880013
 0.891647
 0.901663
 0.912399
 0.921389
 0.929451
 0.936566
 0.943037
 0.948848
 0.954073
 0.958756
 0.962962
 0.966739
 0.970132
 0.973178
 0.975914
 0.978371
 0.980577
 0.982558
 0.984337
 0.985934
 0.987369
 0.988657
 0.989814
 0.990853
 0.991786
 0.992624
 0.993376
 0.994052
 0.994658
 0.995203
 0.995692
 0.996132
 0.996526
 0.996881
 0.997199
 0.997484
 0.997741
 0.997971
 0.998178
 0.998364
 0.998531
 0.998681
 -1.04118
 -0.832264
 -0.934491
 -0.762672
 -0.821993
 -0.841035
 -0.872366
 -0.880013
 -0.891647
 -0.901663
 -0.912399
 -0.921389
 -0.929451
 -0.936566
 -0.943037
 -0.948848
 -0.954073
 -0.958756
 -0.962962
 -0.966739
 -0.970132
 -0.973178
 -0.975914
 -0.978371
 -0.980577
 -0.982558
 -0.984337
 -0.985934
 -0.987369
 -0.988657
 -0.989814
 -0.990853
 -0.991786
 -0.992624
 -0.993376
 -0.994052
 -0.994658
 -0.995203
 -0.995692
 -0.996132
 -0.996526
 -0.996881
 -0.997199
 -0.997484
 -0.997741
 -0.997971
 -0.998178
 -0.998364
 -0.998531
