 0
 3.4
 0.332
 0.67896
 0.538749
 0.843969
 0.790611
 0.793862
 0.772411
 0.784954
 0.789188
 0.793846
 0.795274
 0.797521
 0.799548
 0.801571
 0.803266
 0.804786
 0.80614
 0.80737
 0.808473
 0.809464
 0.810353
 0.811152
 0.811869
 0.812512
 0.813091
 0.81361
 0.814076
 0.814495
 0.814871
 0.815209
 0.815512
 0.815784
 0.816029
 0.816248
 0.816446
 0.816623
 0.816782
 0.816925
 0.817053
 0.817168
 0.817271
 0.817364
 0.817448
 0.817522
 0.81759
 0.81765
 0.817704
 0.817753
 0.817797
 -5.98216
 0.153871
 -0.540017
 -0.259566
 -0.869981
 -0.763243
 -0.769724
 -0.726804
 -0.751873
 -0.760326
 -0.769628
 -0.772472
 -0.776955
 -0.781
 -0.785036
 -0.788418
 -0.791451
 -0.794153
 -0.796607
 -0.798809
 -0.800787
 -0.802561
 -0.804154
 -0.805584
 -0.806869
 -0.808023
 -0.809059
 -0.80999
 -0.810825
 -0.811576
 -0.812249
 -0.812854
 -0.813398
 -0.813886
 -0.814324
 -0.814717
 -0.815071
 -0.815388
 -0.815673
 -0.815929
 -0.816159
 -0.816365
 -0.81655
 -0.816717
 -0.816866
 -0.817
 -0.817121
 -0.817229
 -0.817326
 -0.817413
 5.98251
 -0.153562
 0.540295
 0.259815
 0.870205
 0.763444
 0.769905
 0.726966
 0.752019
 0.760457
 0.769745
 0.772577
 0.77705
 0.781085
 0.785113
 0.788487
 0.791513
 0.794209
 0.796657
 0.798854
 0.800827
 0.802597
 0.804186
 0.805613
 0.806895
 0.808047
 0.80908
 0.810009
 0.810842
 0.811591
 0.812263
 0.812867
 0.813409
 0.813896
 0.814333
 0.814725
 0.815078
 0.815394
 0.815679
 0.815934
 0.816163
 0.816369
 0.816554
 0.81672
 0.816869
 0.817003
 0.817123
 0.817231
 0.817328
 0.817415
 -5.98251
 0.153564
 -0.540293
 -0.259814
 -0.870204
 -0.763443
 -0.769904
 -0.726965
 -0.752018
 -0.760456
 -0.769745
 -0.772577
 -0.777049
 -0.781085
 -0.785112
 -0.788487
 -0.791513
 -0.794208
 -0.796657
 -0.798854
 -0.800827
 -0.802596
 -0.804186
 -0.805613
 -0.806895
 -0.808046
 -0.80908
 -0.810008
 -0.810842
 -0.811591
 -0.812263
 -0.812867
 -0.813409
 -0.813896
 -0.814333
 -0.814725
 -0.815078
 -0.815394
 -0.815679
 -0.815934
 -0.816163
 -0.816369
 -0.816554
 -0.81672
 -0.816869
 -0.817003
 -0.817123
 -0.817231
 -0.817328
 -0.817415
 5.98251
 -0.153564
 0.540293
 0.259814
 0.870204
 0.763443
 0.769904
 0.726965
 0.752018
 0.760456
 0.769745
 0.772577
 0.777049
 0.781085
 0.785112
 0.788487
 0.791513
 0.794208
 0.796657
 0.798854
 0.800827
 0.802596
 0.804186
 0.805613
 0.806895
 0.808046
 0.80908
 0.810008
 0.810842
 0.811591
 0.812263
 0.812867
 0.813409
 0.813896
 0.814333
 0.814725
 0.815078
 0.815394
 0.815679
 0.815934
 0.816163
 0.816369
 0.816554
 0.81672
 0.816869
 0.817003
 0.817123
 0.817231
 0.817328
 0.817415
 -5.98251
 0.153564
 -0.540293
 -0.259814
 -0.870204
 -0.763443
 -0.769904
 -0.726965
 -0.752018
 -0.760456
 -0.769745
 -0.772577
 -0.777049
 -0.781085
 -0.785112
 -0.788487
 -0.791513
 -0.794208
 -0.796657
 -0.798854
 -0.800827
 -0.802596
 -0.804186
 -0.805613
 -0.806895
 -0.808046
 -0.80908
 -0.810008
 -0.810842
 -0.811591
 -0.812263
 -0.812867
 -0.813409
 -0.813896
 -0.814333
 -0.814725
 -0.815078
 -0.815394
 -0.815679
 -0.815934
 -0.816163
 -0.816369
 -0.816554
 -0.81672
 -0.816869
 -0.817003
 -0.817123
 -0.817231
 -0.817328
 -0.817415
 5.98251
 -0.153564
 0.540293
 0.259814
 0.870204
 0.763443
 0.769904
 0.726965
 0.752018
 0.760456
 0.769745
 0.772577
 0.777049
 0.781085
 0.785112
 0.788487
 0.791513
 0.794208
 0.796657
 0.798854
 0.800827
 0.802596
 0.804186
 0.805613
 0.806895
 0.808046
 0.80908
 0.810008
 0.810842
 0.811591
 0.812263
 0.812867
 0.813409
 0.813896
 0.814333
 0.814725
 0.815078
 0.815394
 0.815679
 0.815934
 0.816163
 0.816369
 0.816554
 0.81672
 0.816869
 0.817003
 0.817123
 0.817231
 0.817328
 0.817415
 -5.98251
 0.153564
 -0.540293
 -0.259814
 -0.870204
 -0.763443
 -0.769904
 -0.726965
 -0.752018
 -0.760456
 -0.769745
 -0.772577
 -0.777049
 -0.781085
 -0.785112
 -0.788487
 -0.791513
 -0.794208
 -0.796657
 -0.798854
 -0.800827
 -0.802596
 -0.804186
 -0.805613
 -0.806895
 -0.808046
 -0.80908
 -0.810008
 -0.810842
 -0.811591
 -0.812263
 -0.812867
 -0.813409
 -0.813896
 -0.814333
 -0.814725
 -0.815078
 -0.815394
 -0.815679
 -0.815934
 -0.816163
 -0.816369
 -0.816554
 -0.81672
 -0.816869
 -0.817003
 -0.817123
 -0.817231
 -0.817328
 -0.817415
 5.98251
 -0.153564
 0.540293
 0.259814
 0.870204
 0.763443
 0.769904
 0.726965
 0.752018
 0.760456
 0.769745
 0.772577
 0.777049
 0.781085
 0.785112
 0.788487
 0.791513
 0.794208
 0.796657
 0.798854
 0.800827
 0.802596
 0.804186
 0.805613
 0.806895
 0.808046
 0.80908
 0.810008
 0.810842
 0.811591
 0.812263
 0.812867
 0.813409
 0.813896
 0.814333
 0.814725
 0.815078
 0.815394
 0.815679
 0.815934
 0.816163
 0.816369
 0.816554
 0.81672
 0.816869
 0.817003
 0.817123
 0.817231
 0.817328
 0.817415
 -5.98251
 0.153564
 -0.540293
 -0.259814
 -0.870204
 -0.763443
 -0.769904
 -0.726965
 -0.752018
 -0.760456
 -0.769745
 -0.772577
 -0.777049
 -0.781085
 -0.785112
 -0.788487
 -0.791513
 -0.794208
 -0.796657
 -0.798854
 -0.800827
 -0.802596
 -0.804186
 -0.805613
 -0.806895
 -0.808046
 -0.80908
 -0.810008
 -0.810842
 -0.811591
 -0.812263
 -0.812867
 -0.813409
 -0.813896
 -0.814333
 -0.814725
 -0.815078
 -0.815394
 -0.815679
 -0.815934
 -0.816163
 -0.816369
 -0.816554
 -0.81672
 -0.816869
 -0.817003
 -0.817123
 -0.817231
 -0.817328
 -0.817415
