 -0.0331512
 3.23762
 0.29209
 0.281172
 0.343046
 0.722818
 0.584441
 0.987203
 0.291961
 0.697648
 0.771155
 -4.69173
 -0.839154
 -0.193412
 -0.472803
 -0.821944
 -0.224557
 -1.12711
 -0.390845
 -0.415915
 -0.723038
 5.04796
 -0.133706
 0.92509
 -0.185376
 0.845953
 0.65647
 0.943824
 0.162126
 1.04135
 0.492371
 -4.66966
 -0.623368
 -0.32361
 -0.30832
 -0.942034
 -0.591946
 -0.41607
 -0.670296
 -0.45562
 -1.00551
 4.98994
 0.440716
 0.458926
 0.393255
 0.760659
 0.326349
 1.03276
 0.60763
 0.470751
 0.750243
 -4.80446
 -0.415204
 -0.678028
 0.0880813
 -0.734887
 -0.80617
 -0.622118
 -0.836777
 -0.314434
 -0.613135
 4.82172
 0.440909
 0.267353
 0.28987
 0.716769
 0.692317
 0.739072
 0.723979
 0.582783
 0.661383
 -4.83214
 -0.530496
 -0.207254
 -0.520822
 -0.702259
 -0.476457
 -0.795782
 -0.457929
 -0.673865
 -0.603794
 5.02569
 0.131476
 0.410193
 0.559035
 0.53937
 0.579684
 0.765168
 0.662249
 0.291432
 0.95058
 -4.85774
 -0.555405
 -0.109543
 -0.349795
 -0.9131
 -0.512089
 -0.667057
 -0.502853
 -0.622026
