 -0.00994535
 0.96333
 0.857993
 0.800442
 0.69197
 0.722826
 0.715447
 0.839605
 0.726724
 0.761518
 0.798449
 -0.801136
 -0.925412
 -0.883025
 -0.808657
 -0.837499
 -0.694945
 -0.860122
 -0.763442
 -0.709133
 -0.742502
 0.957549
 0.756211
 0.966906
 0.660966
 0.742628
 0.739215
 0.847914
 0.694918
 0.8373
 0.773771
 -0.809253
 -0.873805
 -0.879569
 -0.753686
 -0.833697
 -0.801033
 -0.73555
 -0.751215
 -0.698651
 -0.828098
 0.869742
 0.85581
 0.911142
 0.800205
 0.818349
 0.708367
 0.842056
 0.816139
 0.766175
 0.799112
 -0.841559
 -0.831239
 -0.953624
 -0.690744
 -0.726649
 -0.772176
 -0.775557
 -0.841612
 -0.731994
 -0.735726
 0.89974
 0.885172
 0.870013
 0.734237
 0.74954
 0.764626
 0.802458
 0.826406
 0.80196
 0.803853
 -0.845214
 -0.871748
 -0.845374
 -0.787438
 -0.78767
 -0.733577
 -0.791527
 -0.733544
 -0.757461
 -0.749497
 0.940917
 0.826527
 0.869186
 0.809147
 0.760591
 0.742509
 0.786497
 0.793287
 0.68996
 0.801479
 -0.855693
 -0.878762
 -0.821706
 -0.717452
 -0.793659
 -0.748826
 -0.771015
 -0.730612
 -0.737138
