 0
 0.459275
 -0.987572
 0.338699
 -0.219875
 1.12386
 -0.317801
 -0.0541251
 0.464289
 0.0294072
 -1.28519
 0.985003
 -0.477648
 1.21458
 -1.25833
 1.32977
 -1.20495
 0.0245039
 1.08067
 -0.0572538
 0.0219631
 0.0803843
 -0.9363
 1.0718
 -1.52972
 0.576824
 0.0617064
 0.823669
 0.0701583
 -0.251053
 -1.00595
 0.540308
 -0.423821
 1.19454
 -0.110187
 -0.455996
 -0.431503
 0.63573
 0.197682
 -0.853512
 1.00125
 -0.0311096
 0.217488
 -1.01723
 1.21249
 0.154318
 -1.50606
 1.11673
 -0.0382393
 -0.797425
 1.46419
 -0.469095
 -0.708944
 0.957836
 -0.370032
 -0.283915
 0.699639
 -1.42904
 0.588893
 0.987631
 -1.40179
 1.58788
 -0.61446
 0.576897
 -0.282183
 -0.258739
 -0.171419
 0.919775
 -0.534443
 -0.673043
 1.46936
 -0.532054
 -1.02034
 1.02517
 -1.21926
 1.89849
 -0.506539
 0.180856
 -1.25059
 1.12244
 -0.488251
 1.21545
 -1.40336
 -0.370972
 -0.281501
 0.679777
 -0.536528
 0.822152
 -0.0761994
 -0.307172
 0.198982
 0.69817
 0.0529862
 -0.163028
 -0.823002
 -0.0153332
 -0.510269
 0.540727
 1.229
 -1.30901
 0.364817
 -0.261952
 0.542973
 -0.840585
 0.183192
 -0.317708
 0.449431
 -0.0937994
 -0.862677
 0.507445
 -0.407839
 1.41902
 -0.155776
 0.353152
 -0.377264
 -0.0206693
 -0.925827
 0.57504
 0.827812
 -0.297193
 -1.13963
 1.42803
 -0.0975869
 0.186934
 -1.4502
 1.61502
 0.105961
 -0.174455
 0.0923983
 -0.0269631
 -1.03032
 0.875852
 -1.16334
 0.527227
 -0.584661
 1.22137
 -0.0729356
 -1.23079
 0.615137
 0.28512
 -0.265481
 -0.227161
 0.592213
 0.468893
 -1.43977
 0.59088
 -0.583184
 1.57662
 0.00766161
 0.115973
 -0.132416
 0.213508
 -1.56486
 1.71038
 -0.645962
 -0.338824
 0.521662
 -0.948072
 -0.0303502
 1.14526
 -0.440326
 -0.111031
 -0.658843
 -0.194392
 -0.0409061
 0.886119
 -0.44052
 -0.718373
 0.379254
 0.267208
 -0.0854949
 0.850846
 -0.974342
 1.09391
 -1.4415
 0.423838
 0.967727
 0.0584463
 -0.822412
 0.18437
 -0.240728
 -0.68461
 1.95027
 -0.38357
 -0.743506
 -0.523827
 0.243799
 1.1567
 -1.70172
 1.39504
 0.263286
 -0.551866
 -0.154078
 -0.136492
 0.518218
 -0.922816
 -0.130722
 1.48893
 -1.22278
 1.43831
 -0.485832
 -0.48277
 -0.638321
 0.0335564
 0.52148
 0.915195
 -1.24251
 0.29093
 0.596986
 -1.28756
 0.821242
 0.468708
 -1.10301
 1.61302
 -0.805983
 0.80481
 -0.00304114
 0.358488
 -0.740544
 -0.495798
 -0.360421
 1.42465
 -1.68557
 0.932678
 -0.284024
 0.477025
 0.148424
 -0.0139302
 0.124971
 -0.548873
 0.836605
 -1.41685
 1.78358
 -1.11581
 -0.24884
 0.767341
 -0.512443
 -0.39902
 1.28072
 0.0532255
 -1.02456
 1.22567
 -1.01478
 -0.374955
 0.94154
 -0.768323
 0.645
 -0.128921
 -1.13179
 0.328865
 -0.36495
 1.04764
 -0.432495
 0.453284
 -0.458288
 -0.557812
 0.4037
 -0.858209
 0.492443
 -0.110266
 0.975573
 -0.464425
 -0.0584073
 0.658919
 -0.0803572
 -0.393902
 -0.984378
 1.72284
 -1.52049
 0.738412
 -0.651163
 1.06904
 -0.458743
 -0.468302
 -0.473557
 1.07353
 -0.284584
 0.167125
 -0.509441
 -0.581877
 1.73005
 -1.13401
 0.0943219
 0.284428
 0.417068
 -1.36979
 0.0878637
 -0.058566
 1.41419
 -1.34432
 0.55804
 0.422197
 -0.37992
 -0.386021
 0.874214
 -1.53615
 1.53
 -0.078519
 -0.62796
 -0.774758
 0.654636
 0.935213
 -1.25983
 0.17595
 0.0946745
 0.0556824
 0.0413676
 0.20708
 -0.222153
 0.237592
 0.501262
 -0.45157
 0.40159
 -0.0232372
 -0.865433
 0.0427029
 -0.00365796
 0.219495
 0.774798
 -0.110927
 -1.32913
 0.865396
 -0.717515
 1.0444
 -0.701148
 -0.0291551
 -0.540339
 0.735895
 -0.13456
 0.39367
 -1.32964
 0.632667
 0.152898
 0.651574
 -0.581368
 0.211382
 0.343623
 -0.527123
 0.868988
 -1.59214
 1.13888
 -0.898259
 0.931137
 0.557532
 -1.43769
 -0.0499814
 -0.0693449
 0.980263
 0.0878278
 -0.0928942
 0.151316
 -0.577676
 -0.229049
 0.920003
 0.147168
 -0.339911
 -0.99465
 0.969946
 0.620902
 -1.71984
 1.92412
 -1.40952
 0.829856
 0.507841
 -0.336209
 -0.143373
 0.810441
 -0.332871
 -1.34794
 0.395194
 0.188383
 1.1847
 -1.36895
 0.626841
 -0.0404609
 -0.0625595
 0.70183
 0.196616
 -1.35607
 -0.00826544
 0.505533
 0.863802
 -0.0244192
 -1.3971
 0.566906
 -0.0631121
 1.00796
 -0.206638
 0.0507115
 -0.917249
 1.38701
 -0.969003
 0.0779562
 0.257059
 0.582365
 0.0575295
 0.169999
 -0.0447033
 -1.2289
 0.519003
 0.208074
 0.63354
 0.042148
 -1.59596
 0.75476
 0.993851
 -1.13549
 0.978503
 -1.46347
 0.997339
 0.294552
 -0.675255
 0.58474
 -1.26625
 0.00440092
 -0.00382941
 1.45097
 -0.351793
 -0.924492
 0.718626
 -0.0226597
 0.398549
 -0.735136
 -0.500305
 0.213581
 1.37604
 -0.971241
 0.869217
 -0.015713
 -0.944839
 -0.46018
 0.989422
 -0.824079
 0.71674
 -0.0876006
 -0.728328
 0.855632
 -0.174095
 0.577196
 -0.0532803
 -1.17424
 0.588054
 0.969929
 -1.00223
 -0.68147
 1.03651
 0.00366446
 -0.31576
 -0.00408388
 0.445541
 -0.322336
 -0.0631257
 -0.494511
 0.523644
 -0.895873
 1.10576
 -0.754944
 0.623837
 -0.420802
 1.05359
 -1.34045
 1.05336
 -0.559784
 0.938494
 -1.75736
 1.84966
 -0.171238
 -1.51212
 0.616761
 -0.500199
 1.40355
 -1.63272
 1.39019
 -0.944673
 0.318551
 0.788574
 -0.690351
 -0.900559
 0.872878
 0.510039
 -1.05447
 0.718473
 -0.712823
 -0.0639199
 0.612534
 -1.13539
 0.963575
 -0.504088
 0.647523
 -0.798706
 0.624278
 0.355492
 -0.920191
 0.105138
 0.00260213
 -0.555055
 1.07812
 -0.560379
 0.72939
 -1.34284
 1.79307
 -1.32382
 0.289524
 0.186341
 0.601642
 -0.793408
 -0.780648
 1.16637
 -0.806549
 1.22812
 -1.82632
 0.715593
 -0.446772
 1.225
 -0.975683
 1.23605
 -0.493909
 -0.881368
 0.886621
 -0.0219366
 0.242645
 -0.352349
 0.280782
 0.660483
 -1.43145
 0.259714
 0.205963
 0.174732
 -0.145184
 0.946336
 -0.286515
 -1.43748
 0.841585
 1.12988
 -1.5147
 -0.021343
 0.922045
 -0.646538
 0.697378
 -1.22275
 1.42001
 -0.0074272
 -1.31797
 0.767941
 -0.264002
 -0.651188
 1.03282
 0.0703186
 -1.12075
 -0.259744
 1.1532
 -0.188371
 0.573118
 -0.820381
 0.469117
 -1.13504
 1.13266
 0.245747
 0.273075
 -0.237399
 0.126964
 -0.958337
 1.57928
 -1.76795
 1.46948
 -1.4519
 0.906707
 0.571488
 -0.141358
 -0.240207
 -0.39469
 1.13194
 0.0246127
 -1.72169
 0.668273
 -0.455819
 -0.0941698
 1.26233
 -0.138915
 -0.779783
 0.368975
 -0.113503
 0.579894
 -0.426387
 -0.184045
 0.545665
 -0.485513
 0.374607
 -0.328709
 0.306375
 -0.301259
 -0.726837
 0.421588
 0.303683
 0.331562
 -0.210776
 -0.623202
 1.40995
 -0.314163
 0.0788376
 0.388382
 -1.31717
 1.72092
 -1.35006
 1.04683
 -0.943114
 0.367379
 0.178247
 0.635553
 -1.28792
 1.04996
 -0.419147
 -0.967963
 1.69099
 -1.4046
 0.0631943
 -0.136138
 1.34844
 -0.00854445
 -0.156614
 0.164709
 -1.16196
 0.373743
 0.894509
 -1.45569
 1.39134
 -0.904041
 0.821656
 -0.438822
 0.491144
 -0.0337196
 -1.37429
 0.293356
 -0.401886
 0.962657
 0.311218
 -0.601718
 -0.443748
 -0.203265
 0.628121
 0.622005
 -1.49183
 0.138534
 1.3802
 -0.296689
 -0.0886171
 -0.776832
 1.09356
 0.0951258
 0.283287
 -1.0574
 1.22415
 -0.93188
 -0.024189
 -0.212265
 1.26984
 -0.977452
 0.44862
 -0.759177
 0.845431
 0.0119508
 -1.22078
 1.42125
 -0.112708
 0.352028
 -0.849898
 1.04524
 -1.03635
 0.78895
 -1.49626
 1.07691
 -1.09917
 1.9275
 -0.0358969
 -1.52632
 -0.135792
 0.374736
 0.01677
 -0.0595987
 0.914908
 -1.62432
 1.06747
 -0.196718
 -0.686897
 1.18371
 -1.27197
 1.11407
 -0.28274
 0.597256
 -1.11523
 1.38002
 -1.20443
 1.09123
 -0.900113
 0.0455073
 -0.552638
 1.23667
 -0.628436
 -0.404531
 -0.0926827
 0.362572
 -0.559231
 1.37565
 -0.494396
 0.432518
 -0.171165
 -0.402176
 0.0395203
 0.0102961
 0.34548
 -0.158588
 -0.0516092
 -0.90631
 0.710998
 0.162884
 0.218858
 -1.04741
 1.36585
 -0.826719
 0.834475
 -1.13354
 1.36601
 -0.455449
 0.373759
 -0.854028
 0.879072
 -1.04606
 1.60482
 -0.554934
 0.652732
 -0.595145
 -0.0469145
 0.822746
 -0.758334
 0.447832
 -0.632658
 -0.360767
 0.576842
 -0.482476
 0.603026
 -0.266248
 -0.167374
 0.325108
 0.755529
 -0.403594
 -0.700594
 0.550869
 -0.618565
 0.910872
 -0.510411
 0.662366
 -0.593508
 0.757741
 0.0474424
 -1.34883
 1.36974
 -1.27457
 1.73863
 -2.12243
 0.461919
 0.939857
 -1.25485
 0.302299
 1.30212
 -1.11832
 0.932298
 -1.07102
 0.399978
 0.951513
 -1.30607
 0.303631
 0.191507
 0.419715
 0.0804778
 -0.652986
 -0.534612
 0.0480497
 1.5063
 -0.590256
 -1.1672
 -0.0712086
 1.25449
 -0.0881087
 -0.836905
 1.14922
 -0.73101
 0.396803
 0.621661
 -1.45576
 0.11259
 0.309575
 0.136785
 0.813423
 -1.5968
 0.193689
 0.712096
 0.31694
 -1.01819
 -0.259144
 0.719592
 -0.337542
 0.00893007
 0.866158
 -0.466572
 0.358469
 0.219526
 0.214088
 -1.31195
 1.54655
 -0.180553
 -1.36229
 1.1289
 -1.09504
 1.80809
 -0.78405
 -1.07354
 0.257007
 0.967045
 0.353122
 -1.46103
 1.30949
 -0.31924
 0.809546
 -0.674717
 -0.55041
 0.752622
 -0.342344
 -0.832589
 -0.157816
 1.47588
 -0.484778
 0.634986
 -1.08749
 0.462854
 0.601646
 0.183684
 -0.124358
 0.467858
 -1.35617
 1.15715
 -1.0101
 1.54924
 -0.456915
 0.14885
 -1.2993
 0.348529
 0.510143
 -0.968305
 1.18346
 -1.43378
 0.593622
 0.50609
 -0.181684
 0.412831
 -0.204038
 -0.949391
 0.647976
 0.965528
 -0.923062
 0.9152
 -1.04611
 1.38624
 -1.60901
 -0.20869
 0.739547
 -0.8497
 0.495131
 -0.189207
 0.899482
 -0.4783
 -0.989491
 1.49672
 -0.600525
 0.929005
 -1.53891
 -0.168617
 0.30157
 -0.303526
 1.36358
 -1.63979
 1.0228
 0.0464104
 -0.109735
 -0.690297
 0.617497
 -0.926776
 1.59686
 -1.09193
 0.116089
 -0.594829
 0.40187
 0.885788
 -0.537986
 -0.711771
 0.694801
 0.645819
 -1.46228
 -0.0195748
 0.60186
 0.734429
 -0.647373
 0.222852
 0.170266
 0.49615
 -0.32412
 -0.907363
 0.868069
 0.596284
 -0.58605
 0.77582
 -0.293287
 -0.334535
 0.280947
 0.182044
 -0.806774
 1.58523
 -0.807444
 -0.0228526
 0.627952
 -0.0184419
 0.347799
 -0.0105571
 -0.876279
 0.0342963
 0.308954
 -0.70613
 -0.260529
 1.20856
 -0.807542
 -0.169377
 -0.040119
 0.0495215
 0.797474
 -0.409919
 -0.964516
 1.17099
 -0.401907
 0.393459
 -1.25114
 1.89846
 -0.0982765
 0.0949636
 -0.124212
 -0.151432
 -0.29481
 -0.112444
 -0.565905
 0.40835
 0.382358
 0.366525
 -1.52429
 1.73109
 -0.383403
 -0.444567
 0.776682
 -0.310305
 -1.18996
 1.07104
 -0.448269
 0.330121
 -0.398267
 1.1007
 -1.38387
 0.641634
 -0.207429
 0.477921
 -0.734273
 0.458982
 -0.151224
 0.9374
 -1.73237
 0.692836
 0.217697
 -0.604049
 1.30165
 -1.04325
 -0.214485
 1.30718
 -0.41099
 -0.678075
 1.08323
 -1.63765
 1.04505
 -0.51014
 -0.0435722
 0.502741
 -1.08215
 0.167062
 1.13327
 -0.631241
 -0.876417
 0.308794
 0.97037
 -1.4567
 0.392029
 0.954215
 -1.33183
 1.16293
 -0.900123
 -0.385212
 1.46338
