 -0.0914975
 -0.0149632
 -0.0390912
 0.0863033
 0.0427839
 0.000326548
 0.0720145
 0.0481124
 -0.0260475
 0.0511093
 -0.0956542
 0.044322
 -0.0361248
 -0.0289529
 -0.000790429
 0.0241981
 -0.05468
 -0.0798639
 -0.0982727
 -0.0229408
 -0.0238014
 -0.0529832
 0.0988769
 0.0432539
 -0.0683401
 0.0376507
 0.0985046
 0.00206
 0.0653737
 -0.0434614
 -0.0693655
 0.0928159
 -0.0288614
 0.0867977
 0.0522629
 0.0254738
 -0.0237892
 -0.0247047
 -0.0630604
 -0.063097
 0.0974548
 -0.0108737
 -0.069628
 -0.050914
 -0.00835292
 -0.0103488
 0.0532579
 0.085577
 0.0312357
 0.0303812
 -0.0673391
 0.00234687
 -0.0633656
 -0.0150792
 -0.0568224
 0.0894284
 0.0964904
 -0.0887448
 -0.0609485
 -0.000607318
 0.00704672
 0.0586352
 0.058623
 -0.0408673
 -0.0380657
 -0.0767876
 -0.017777
 -0.07893
 0.0235755
 0.0588549
 -0.0750603
 -0.089996
 0.00746788
 0.0492172
 -0.0547288
 0.0220069
 -0.0893429
 -0.0525803
 0.0511399
 0.0314737
 -0.0844478
 -0.0104404
 0.0843745
 0.0626026
 0.000381481
 0.0882687
 0.064977
 0.0816584
 0.0876095
 -0.0873775
 -0.0235878
 0.0660756
 -0.0386334
 0.0606677
 0.0731437
 0.00688192
 0.0854366
 -0.0693411
 0.0916746
 0.000485244
 0.0375347
 -0.0886532
 0.0402875
 -0.0223853
 -0.0327067
 -0.0290994
 0.00925016
 -0.0545396
 0.0868587
 0.00113834
 -0.0228004
 -0.0105502
 -0.0601428
 0.00166936
 -0.0463973
 -0.0436811
 0.060802
 0.044908
 -0.00641194
 -0.036436
 -0.0515305
 -0.0193335
 0.0091464
 -0.00904874
 0.0163793
 0.00992767
 -0.0271645
 0.0943419
 0.0763665
 0.0589587
 -0.0796381
 0.0229591
 0.0116916
 -0.0148534
 0.0582141
 -0.0784967
 -0.00422071
 -0.0543687
 -0.0173742
 0.0982299
 -0.0870235
 -0.0398541
 -0.0838496
 -0.0597217
 -0.0625355
 -0.000784326
 -0.0319926
 -0.0424055
 -0.0733634
 0.0290139
 -0.0754631
 0.0365337
 -0.0147862
 -0.055913
 -0.0239723
 0.0845088
 0.0562609
 0.0192663
 0.0860042
 -0.0530686
 0.0954222
 0.0118809
 0.009476
 -0.0223487
 0.0846553
 -0.0542711
 0.0661733
 -0.0558763
 0.0415815
 -0.0921384
 0.0751518
 0.0486496
 0.0808893
 0.0895016
 -0.0430403
 -0.053148
 0.0838435
 0.0023957
 0.00966521
 -0.0553209
 0.0323222
 -0.0982177
 -0.0351176
 0.0551561
 -0.0364788
 -0.0527207
 0.0302347
 0.0961608
 0.00162053
 -0.0671499
 0.0242958
 -0.089526
 0.0226539
 -0.0827754
 0.0104343
 0.0893735
 0.00881069
 -0.0140721
 -0.0643117
 0.0808832
 0.0485031
 0.0762017
 0.0809992
 0.0641652
 0.0382916
 0.0960875
 0.0289773
 0.0711417
 0.0431074
 0.068865
 -0.0444197
 -0.0634388
 -0.0291299
 -0.0658315
 -0.0482223
 -0.0420515
 -0.0821894
 -0.0630238
 -0.0184179
 0.0464583
 0.0408002
 0.0357097
 -0.0173132
 0.0500595
 -0.0872066
 0.0607959
 -0.0841304
 0.0302347
 0.0178137
 0.0548021
 0.0695608
 -0.0265847
 -0.0584155
 -0.0745109
 0.0256142
 -0.0815485
 -0.0858638
 0.043028
 -0.00720542
 -0.018656
 0.060625
 -0.087463
 -0.0859859
 0.0584948
 0.0165441
 -0.0466353
 0.0536363
 0.0897031
 0.0637684
 -0.0838557
 0.0711417
 0.0622181
 0.0433699
 -0.0309122
 0.0873959
 0.0370098
 0.00183416
 -0.0153722
 -0.0503342
 -0.0213965
 0.0265481
 0.057683
 0.00180975
 0.0696402
 0.027134
 -0.0131565
 -0.034312
 0.0914487
 -0.0813654
 -0.0502792
 0.0402631
 -0.0480636
 -0.0370098
 -0.0964049
 0.0244606
 -0.058037
 -0.0751274
 -0.0571825
 -0.029899
 0.00143132
 -0.00170598
 -0.0559801
 -0.028782
 -0.0235145
 -0.0398358
 -0.0694998
 -0.00410474
 -0.0510788
 -0.0929991
 0.0870113
 -0.0330546
 0.0191076
 0.0311563
 0.0561327
 -0.00227363
 0.0236915
 -0.00730918
 0.047618
 -0.0108432
 -0.0306742
 -0.0567553
 -0.00820643
 0.0944761
 0.0636341
 -0.0419172
 0.0684439
 0.0576708
 -0.0752861
 -0.0673879
 0.0422285
 -0.0679067
 0.0504135
 0.0995849
 -0.063921
 -0.0146214
 -0.0714225
 0.0232643
 0.0737175
 0.0969054
 0.0696341
 0.0267983
 0.0224891
 0.054088
 -0.0573962
 -0.0909665
 0.0679861
 0.0538377
 0.0959838
 -0.092938
 -0.0486007
 0.0152196
 0.0445235
 -0.0393353
 -0.0988647
 0.00976897
 0.0033845
 0.0350139
 0.0897519
 0.0156407
 0.0507431
 -0.0422102
 -0.0524644
 -0.0982299
 0.000173956
 -0.0729484
 0.0640614
 0.0484481
 -0.0359478
 -0.0540086
 -0.0912778
 -0.0896176
 0.0892331
 -0.0590625
 -0.0981506
 -0.0712882
 0.0462264
 0.0188269
 0.0673086
 0.0979308
 -0.046849
 0.0202979
 -0.00194403
 -0.00569781
 -0.0842891
 0.0248512
 -0.0341166
 -0.0282449
 0.0644154
 -0.0358745
 -0.0935728
 -0.0683645
 0.0702933
 -0.000332652
 -0.08905
 -0.0274575
 0.0204871
 0.0213721
 -0.0440779
 -0.0735282
 0.0347087
 -0.0770684
 -0.0982055
 0.087579
 -0.0959532
 0.0104343
 0.0921384
 -0.0603015
 -0.0666738
 0.000418104
 -0.0155858
 -0.0109592
 0.0681204
 -0.036314
 -0.0563097
 -0.0919004
 0.0878475
 0.0710135
 0.0304178
 0.0972716
 -0.0538255
 0.0970519
 -0.0863521
 0.0701529
 0.0398602
 -0.0612415
 -0.059093
 -0.0309427
 0.0873836
 -0.0955321
 0.0959166
 0.0167821
 -0.0014008
 0.0299234
 0.0754448
 0.0109409
 0.0166845
 -0.0225013
 0.0166417
 0.0671804
 -0.086462
 -0.0250404
 -0.0941099
 -0.0825556
 -0.0799921
 -0.0502121
 0.000656148
 -0.0304422
 -0.0279153
 -0.084405
 0.0953673
 0.0344096
 -0.0456099
 -0.0333659
 -0.0371807
 -0.0730644
 -0.0778191
 -0.0631581
 0.00210883
 0.0472396
 -0.0168737
 0.0795282
 0.0244972
 -0.0520676
 0.0200415
 0.0240333
 0.00842616
 -0.00580767
 -0.0640309
 -0.0343669
 -0.0450972
 -0.0774773
 0.00273141
 -0.0551683
 0.0745598
 0.00467849
 -0.00575884
 -0.027604
 0.0375469
 0.0228614
 0.0858699
 0.0563158
 -0.0823786
 -0.0374859
 0.00101627
 0.0870052
 -0.0383831
 0.0290017
 -0.0137364
 0.0369304
 0.0155065
 0.094232
 0.0962584
 0.0309488
 -0.0615894
 -0.0202612
 -0.0304117
 -0.0564074
 0.0357463
 0.0823115
 -0.0230079
 0.0795709
 0.0427168
 -0.0516343
 -0.076989
 -0.00630207
 0.0894833
 -0.0964721
 -0.017539
 0.00655843
 -0.0207739
 -0.05656
 0.0528794
 0.0721183
 0.0103244
 -0.00780358
 0.00426954
 -0.0464949
 0.0739555
 -0.0654103
 0.00734581
 -0.0367168
 0.0582873
 -0.0715567
 0.021543
 0.024424
 0.0906369
 0.00327464
 0.0240455
 -0.0918088
 0.048674
 0.0515122
 0.061095
 0.00529496
 0.0721183
 0.0185827
 -0.0972411
 0.0864315
 -0.0940184
 -0.00197455
 -0.0174352
 0.00857875
 0.00679647
 0.0379986
 0.0030488
 0.0232154
 0.042851
 -0.0347148
 0.0886105
 0.0427595
 -0.0800104
 0.0332072
 0.0669179
 -0.0785699
 -0.0360942
 0.0995483
 -0.0399945
 -0.0931272
 -0.00961638
 -0.0591601
 0.0664724
 -0.0813471
 0.0947081
 0.00926847
 -0.0841487
 0.0100436
 0.0913999
 0.0382916
 0.0765923
 0.0691824
 0.0356426
 0.00345164
 0.0987121
 -0.0840022
 -0.0423994
 0.0444685
 -0.0274453
 0.0510605
 0.0408429
 0.0548936
 -0.0152501
 0.0126194
 -0.0238502
 -0.0543992
 -0.0472823
 -0.00186468
 -0.0779412
 0.0884335
 -0.0810785
 -0.0935362
 0.00315256
 -0.0539903
 0.0861751
 0.0570605
 -0.0223853
 -0.00570391
 0.0751213
 -0.0577013
 0.00509964
 -0.0561266
 0.0853755
 0.0693411
 -0.0537217
 -0.0336528
 0.0412946
 0.0476241
 -0.0747429
 -0.0679617
 -0.096173
 -0.0216407
 -0.0138279
 -0.0346538
 0.0296609
 -0.0977966
 -0.0249062
 -0.0762139
 -0.0412458
 -0.0385907
 0.078692
 -0.0927305
 -0.088171
 0.0326334
 -0.0493393
 0.00359813
 -0.0212989
 0.0867428
 0.0574084
 -0.023423
 0.0789727
 0.0318033
 -0.0259865
 -0.0970397
 0.0762261
 0.0955565
 0.0619617
 0.0644826
 -0.0730399
 -0.0965087
 0.0596179
 -0.0988464
 0.0455672
 -0.0909421
 0.0169836
 -0.0677541
 -0.0334574
 -0.0681265
 -0.0942625
 0.0510056
 0.0852718
 0.0605335
 -0.0640004
 0.099469
 -0.0415143
 0.076043
 -0.089111
 -0.0703421
 -0.0541368
 0.0522752
 0.0503342
 0.0573229
 0.0737541
 0.0895444
 0.015183
 -0.0855708
 -0.0974853
 0.0377056
 -0.0369915
 0.00690023
 0.0786187
 -0.035081
 -0.0332255
 -0.0164953
 -0.0473189
 0.0283853
 0.0276589
 -0.0775506
 -0.0551317
 -0.0967589
 0.0132603
 0.0417524
 0.0387494
 0.0260109
 -0.0475631
 -0.0603259
 0.0849361
 0.00862148
 0.01807
 -0.0284768
 0.0957274
 0.0794916
 0.0289163
 0.0690054
 0.0120518
 -0.0922544
 0.0019013
 0.00840785
 -0.0761284
 0.0669485
 -0.0139988
 0.0338786
 0.0254128
 0.0944456
 -0.0909116
 0.0420209
 0.0863643
 0.00276803
 0.0688406
 0.0340434
 -0.0796564
 -0.000839259
 -0.000943022
 0.0417951
 0.0319437
 0.0696158
 -0.0573046
 0.0338115
 -0.0765679
 -0.0164647
 0.0626759
 0.00774255
 0.0425886
 -0.0245338
 0.0219092
 -0.0246559
 0.0527024
 0.059917
 0.0637013
 0.046263
 0.00615558
 0.0356731
 0.0237648
 -0.0830439
 -0.0972533
 -0.0641346
 0.00516678
 -0.0291055
 0.0140416
 -0.020072
 -0.0526048
 0.0963805
 0.0549425
 -0.016245
 0.0208045
 0.0281228
 -0.0161596
 0.0843623
 0.0777276
 -0.0809809
 -0.0874874
 -0.0647755
 0.0914365
 -0.0518662
 -0.0929991
 0.028544
 0.0143223
 0.0713126
 -0.0392132
 -0.099237
 -0.0136265
 -0.0793695
 -0.0785211
 0.077514
 -0.0746452
 -0.0410871
 0.0522752
 -0.0857662
 0.0298563
 0.0955748
 0.00939665
 -0.011185
 0.0264809
 0.070043
 -0.0831416
 0.00237129
 0.0924253
 0.0089938
 -0.0803095
 0.0445235
 0.0847224
 0.0637318
 0.0969604
 -0.0206519
 0.00732749
 -0.0662343
 -0.0842158
 0.00829188
 -0.0525864
 -0.0168676
 -0.092346
 -0.0337016
 0.0119724
 -0.044615
 -0.0517747
 0.00737022
 0.096118
 -0.00621662
 0.0218909
 0.0358501
 0.0142674
 -0.0272622
 0.0523667
 -0.0603687
 0.0254616
 0.0468795
 0.080578
 -0.0183691
 0.0840693
 0.0239113
 -0.0290139
 0.00561235
 0.0471297
 0.0675832
 -0.0722159
 0.0128391
 -0.0304117
 -0.0630482
 0.00198675
 -0.0344523
 -0.0813044
 0.068273
 0.0708975
 -0.026249
 0.0387738
 -0.094348
 0.0710135
 -0.0786126
 0.0976012
 -0.0131565
 -0.034257
 0.0882565
 0.0457442
 -0.00966521
 0.0291299
 0.0238441
 0.0199866
 0.0499985
 -0.0732109
 0.0293924
 -0.0778375
 -0.0563768
 -0.0245277
 -0.0955992
 0.00464797
 0.0614917
 0.062273
 -0.0861385
 -0.00631428
 -0.0387494
 0.00491653
 0.0323893
 -0.01807
 0.0154515
 0.0343364
 0.0215979
 0.0213294
 -0.0421918
 -0.019303
 -0.0030488
 0.0476424
 0.0346416
 0.0442427
 0.040257
 0.0678945
 -0.0324564
 -0.0678884
 -0.0858577
 0.0419294
 0.0337382
 0.0424848
 0.0347636
 -0.0106235
 0.0701407
 0.0771477
 -0.0410932
 -0.0467757
 -0.0923887
 -0.0360576
 -0.058153
 -0.0486496
 0.0414899
 0.0701346
 0.0221412
 -0.0528733
 0.0446455
 -0.0119297
 -0.010416
 -0.0295755
 -0.070513
 0.0744133
 0.0927122
 0.0203101
 -0.0350566
 0.0240333
 0.0418989
 0.080578
 -0.0451888
 0.0600085
 -0.0355083
 0.0794366
 0.0836909
 0.0208472
 0.0681082
 -0.0753899
 -0.0633045
 -0.0737602
 0.068395
 0.0450606
 -0.000637837
 -0.0974303
 -0.0625294
 -0.029429
 0.0437178
 0.0494369
 0.0293863
 -0.0194617
 -0.0929319
 -0.0715629
 -0.0613086
 -0.0469039
 0.0695608
 0.0555223
 -0.0514512
 0.0459273
 -0.0632069
 0.0780145
 0.0244789
 -0.0601184
 0.0338298
 0.0177343
 0.0100925
 0.0768853
 0.0167028
 0.0613575
 -0.0189611
 0.0230506
 -0.0921873
 0.0792657
 0.0133763
 -0.0113987
 0.0613941
 -0.0458113
 -0.0773492
 0.0355632
 0.0652577
 -0.0991211
 0.02996
 0.00467849
 0.0851985
 0.0580248
 -0.0888363
 0.0926511
 0.058153
 -0.0663625
 -0.0143773
 -0.0889462
 0.0404767
 -0.0146702
 -0.0994507
 -0.0418195
 -0.0824702
 -0.08352
 -0.0325968
 -0.0650929
 -0.0191259
 -0.0302774
 0.00642415
 0.0361003
 -0.0207678
 -0.00105289
 0.0556322
 0.0485397
 -0.0503952
 0.0010651
 -0.0994385
 -0.013187
 0.0346721
 0.0887875
 0.0809381
 0.0983154
 -0.00724815
 -0.0143406
 -0.0695181
 -0.0313883
 0.00664388
 0.0246376
 -0.0936888
 -0.0414655
 0.0975219
 -0.0686026
 -0.0360881
 -0.095941
 -0.0498886
 -0.0263161
 0.0341288
 -0.0896054
 0.0555528
 -0.0420942
 -0.0416425
 -0.0285745
 -0.0220435
 0.0542955
 -0.0618336
 0.0458235
 0.0511704
 -0.068273
 0.0556383
 -0.0789544
 -0.0882321
 -0.0162999
 -0.0793573
 0.0964415
 -0.0253029
 -0.0735588
 0.00138249
 0.0167821
 0.0576647
 -0.0493637
 0.0942686
 0.0874325
 0.0607105
 -0.0921506
 0.0896115
