 -0.0899088
 0.420141
 -0.646112
 -0.0651978
 -0.337427
 0.836768
 0.447539
 0.350342
 0.605531
 0.553997
 -0.942185
 0.291516
 -0.353442
 0.977777
 -0.42877
 1.02114
 -0.521742
 -0.369133
 0.641043
 0.538754
 0.50194
 0.396519
 -0.473235
 0.595096
 -1.15194
 -0.211704
 -0.112374
 0.705348
 0.717101
 0.269325
 -0.831546
 -0.049124
 -0.586097
 0.868602
 0.573401
 0.0715977
 -0.44209
 0.207634
 0.295359
 -0.547959
 0.679476
 0.379301
 0.502778
 -0.600622
 0.715307
 0.648827
 -0.800836
 0.460951
 0.207838
 -0.500992
 0.905235
 0.296792
 -0.428615
 0.560315
 0.0110488
 -0.0701946
 0.593111
 -1.09413
 -0.266265
 0.720643
 -0.691277
 1.06031
 0.193482
 0.704223
 0.223796
 -0.108894
 -0.248887
 0.608085
 0.0653276
 -0.501403
 0.841115
 0.11306
 -0.736927
 0.37771
 -1.01117
 1.05914
 0.210483
 0.452622
 -0.826629
 0.404661
 -0.304865
 1.0791
 -0.438165
 -0.666251
 -0.949042
 -0.00624413
 -0.479338
 0.515879
 0.350905
 -0.117528
 0.117437
 0.826283
 0.630724
 0.455529
 -0.442963
 -0.469894
 -0.823542
 -0.246032
 1.16261
 -0.35087
 0.148881
 -0.349272
 0.375086
 -0.568854
 -0.271635
 -0.563357
 0.0453055
 -0.112176
 -0.748511
 -0.192552
 -0.585652
 0.974984
 0.584102
 0.924247
 0.275529
 0.159599
 -0.727419
 -0.0486437
 0.688349
 0.298207
 -0.851996
 0.671182
 0.416936
 0.577096
 -0.947
 0.751273
 0.59619
 0.53137
 0.482024
 0.307493
 -0.897246
 0.185431
 -1.03295
 -0.283499
 -0.750987
 0.534834
 0.414752
 -0.841004
 -0.0906873
 0.246712
 -0.155511
 -0.291697
 0.264864
 0.655294
 -0.853858
 -0.079709
 -0.729398
 0.966947
 0.736928
 0.86898
 0.417096
 0.576208
 -1.1247
 0.642879
 -0.152677
 -0.226701
 0.246909
 -0.753579
 -0.52338
 0.539724
 0.192546
 0.0527763
 -0.634399
 -0.737347
 -0.542328
 0.334834
 -0.000613118
 -0.73745
 -0.178002
 -0.0346561
 0.093793
 0.909368
 -0.169775
 0.973564
 -0.809317
 -0.215171
 0.810569
 0.691335
 -0.184706
 -0.0797472
 -0.283285
 -0.977679
 1.01546
 0.529175
 -0.266389
 -0.803966
 -0.392182
 0.880371
 -0.920994
 0.60463
 0.717856
 0.0290444
 -0.0515938
 -0.331048
 0.292395
 -0.570441
 -0.61149
 0.878075
 -0.494528
 1.20878
 0.402476
 -0.0389155
 -0.690345
 -0.558316
 0.0340832
 1.02684
 -0.384896
 0.0425291
 0.492279
 -0.793562
 0.0878578
 0.418819
 -0.629313
 0.998768
 -0.026496
 0.834518
 0.539763
 0.79386
 -0.0851218
 -0.503589
 -0.804851
 0.719262
 -1.04215
 0.225336
 -0.302978
 0.424988
 0.338128
 0.376906
 0.398386
 -0.184882
 0.664718
 -0.946974
 0.897392
 -0.466056
 -0.423489
 0.217237
 -0.325703
 -0.471029
 0.797723
 0.673073
 -0.297262
 0.775912
 -0.45054
 -0.528167
 0.386323
 -0.479803
 0.394646
 0.193129
 -0.915766
 -0.584389
 -0.715384
 0.519869
 0.0216152
 0.455572
 0.00222297
 -0.552112
 -0.13349
 -0.960872
 -0.291876
 -0.333616
 0.79137
 0.241243
 0.136729
 0.756983
 0.487075
 -0.00420786
 -1.01026
 0.882078
 -0.941207
 0.0742106
 -0.564785
 0.57273
 0.0047557
 -0.446973
 -0.750675
 0.348948
 -0.00870344
 0.229861
 -0.315764
 -0.779428
 0.963197
 -0.386537
 -0.108184
 0.0986029
 0.460312
 -0.983002
 -0.652302
 -0.692582
 0.811799
 -0.454735
 0.144074
 0.472483
 0.0751286
 -0.263752
 0.537554
 -1.03062
 0.664017
 0.436945
 -0.197287
 -0.956922
 -0.212565
 0.761794
 -0.442163
 -0.161724
 -0.217583
 0.0141456
 0.0762227
 0.145765
 -0.0971764
 0.250317
 0.560674
 0.135078
 0.556853
 0.228481
 -0.606777
 -0.53008
 -0.388903
 -0.00972946
 0.809526
 0.558507
 -0.848458
 0.109983
 -0.627116
 0.490906
 -0.342896
 -0.100763
 -0.643515
 0.258252
 -0.091689
 0.376822
 -0.951372
 -0.113071
 -0.0801154
 0.567665
 0.00838161
 0.221183
 0.481925
 -0.0444078
 0.74217
 -0.930467
 0.310381
 -0.71705
 0.361716
 0.857254
 -0.723877
 -0.513345
 -0.571529
 0.459338
 0.464213
 0.297825
 0.336854
 -0.155149
 -0.485511
 0.418554
 0.491374
 0.226713
 -0.822084
 0.294134
 0.827879
 -0.993092
 1.00811
 -0.671495
 0.368254
 0.613287
 0.319617
 0.0680338
 0.787566
 0.379491
 -1.07451
 -0.604198
 -0.354806
 1.0674
 -0.492468
 0.166533
 0.0409829
 0.0603088
 0.722388
 0.690063
 -0.787261
 -0.576855
 -0.162334
 0.715144
 0.766926
 -0.882864
 -0.126499
 -0.155975
 0.788412
 0.429803
 0.482879
 -0.558885
 0.869482
 -0.212939
 -0.113225
 0.0547094
 0.570938
 0.691203
 0.7267
 0.472374
 -0.775145
 -0.290321
 0.0488838
 0.552749
 0.637889
 -1.01853
 -0.213645
 0.703623
 -0.43329
 0.752728
 -1.06054
 0.344475
 0.420822
 -0.240888
 0.388503
 -0.918461
 -0.75422
 -0.651053
 0.899448
 0.467172
 -0.384967
 0.181387
 0.1123
 0.445058
 -0.365475
 -0.781439
 -0.457459
 1.01162
 -0.102256
 0.82192
 0.49112
 -0.331134
 -0.78449
 0.19433
 -0.617768
 0.266836
 0.0464527
 -0.629276
 0.309261
 0.106205
 0.743456
 0.462882
 -0.671217
 -0.0492774
 0.769095
 -0.230637
 -0.78897
 0.290016
 0.215263
 -0.10447
 -0.0841096
 0.31431
 -0.0917553
 -0.0529001
 -0.598445
 0.130743
 -0.819466
 0.456259
 -0.407552
 0.408809
 -0.120736
 1.02925
 -0.514251
 0.523986
 -0.170374
 0.855936
 -0.907641
 0.893764
 0.514687
 -0.980633
 -0.202307
 -0.726249
 0.929423
 -0.779788
 0.753414
 -0.488814
 0.0270936
 0.709242
 -0.0959008
 -0.837873
 0.168906
 0.503944
 -0.438832
 0.329053
 -0.56937
 -0.501782
 0.19856
 -0.823831
 0.150348
 -0.343772
 0.44167
 -0.462255
 0.224085
 0.568465
 -0.362134
 -0.240311
 -0.268975
 -0.703386
 0.455853
 -0.0568544
 0.594926
 -0.797648
 1.00169
 -0.471567
 -0.125701
 0.0654009
 0.668252
 -0.139516
 -0.914501
 0.363756
 -0.599039
 0.919886
 -0.986506
 -0.0259295
 -0.582372
 0.870242
 -0.274621
 0.938106
 0.373082
 -0.662768
 0.3382
 0.190748
 0.469449
 0.0263256
 0.312905
 0.817567
 -0.70678
 -0.288027
 -0.190937
 0.178297
 0.0098388
 0.826052
 0.473252
 -0.945195
 -0.130426
 0.950627
 -0.488408
 -0.488346
 0.336256
 -0.250679
 0.470619
 -0.734292
 0.682771
 0.633649
 -0.756496
 0.0045641
 -0.245659
 -0.664432
 0.434366
 0.44718
 -0.650165
 -0.804156
 0.39904
 0.273374
 0.689975
 -0.238733
 0.327791
 -0.965996
 0.430696
 0.535574
 0.79659
 0.343784
 0.391273
 -0.683046
 0.903448
 -0.975537
 0.749573
 -0.982363
 0.334881
 0.589339
 0.380867
 0.163451
 -0.343431
 0.925276
 0.727798
 -1.05833
 -0.244245
 -0.638427
 -0.635698
 0.780689
 0.464191
 -0.175335
 0.163889
 -0.140336
 0.48306
 0.0460095
 -0.101773
 0.286929
 -0.245666
 0.145079
 -0.172795
 0.175553
 -0.190824
 -0.774535
 -0.356144
 0.0462881
 0.356319
 0.128527
 -0.48899
 1.05293
 0.363345
 0.42161
 0.74449
 -0.77408
 1.02117
 -0.589262
 0.740807
 -0.419779
 0.00269725
 0.213197
 0.778777
 -0.668757
 0.420398
 0.0120926
 -0.814159
 0.886853
 -0.669383
 -0.502706
 -0.652407
 0.960996
 0.642072
 0.559892
 0.418804
 -0.756415
 -0.348502
 0.539736
 -0.957395
 0.586313
 -0.349199
 0.649125
 0.0386875
 0.430857
 0.417809
 -1.11104
 -0.536161
 -1.01829
 0.194382
 0.480834
 -0.0174171
 -0.43448
 -0.574622
 0.165647
 0.777973
 -0.822912
 -0.612023
 0.735881
 0.474951
 0.303276
 -0.51948
 0.692831
 0.511079
 0.735341
 -0.445657
 0.77474
 -0.284567
 -0.185055
 -0.514598
 0.84375
 -0.309791
 0.328835
 -0.509819
 0.439265
 0.318137
 -0.941165
 0.581564
 0.438066
 0.719126
 -0.258018
 0.75067
 -0.341335
 0.527147
 -1.12669
 0.228016
 -0.977609
 0.9513
 0.762897
 -0.753731
 -0.872645
 -0.308435
 -0.25642
 -0.15283
 0.772822
 -0.847585
 0.231845
 0.0235159
 -0.498299
 0.666274
 -0.65614
 0.610539
 0.043358
 0.736407
 -0.51723
 0.971175
 -0.458495
 0.809381
 -0.414811
 -0.158596
 -0.815848
 0.614855
 -0.0317917
 -0.375196
 -0.40423
 -0.0532447
 -0.505476
 0.925531
 0.331086
 0.765025
 0.400314
 -0.0731212
 -0.0912007
 -0.0607118
 0.287773
 -0.0136089
 -0.0817875
 -0.944922
 -0.0191722
 0.0820854
 0.376213
 -0.729756
 0.699548
 -0.140637
 0.750071
 -0.613328
 0.902332
 0.236275
 0.576279
 -0.315304
 0.600646
 -0.718109
 0.97966
 0.210423
 1.01999
 0.0532929
 -0.0534661
 0.793338
 -0.104651
 0.429252
 -0.419622
 -0.727512
 -0.000785144
 -0.516689
 0.204814
 0.0372739
 -0.226319
 0.126364
 0.913039
 0.239429
 -0.365164
 0.243645
 -0.498536
 0.509404
 -0.0624637
 0.689489
 -0.191714
 0.669896
 0.618489
 -0.847472
 0.52409
 -0.76726
 1.14215
 -1.00353
 -0.225571
 0.516451
 -0.71848
 -0.305113
 0.919067
 -0.220088
 0.724059
 -0.525684
 -0.0802398
 0.828361
 -0.532184
 -0.158333
 -0.0480301
 0.450269
 0.545103
 -0.260182
 -0.713201
 -0.549574
 0.996
 0.242333
 -0.791336
 -0.876277
 0.542194
 0.426401
 -0.325619
 0.742759
 -0.0552086
 0.351055
 0.762597
 -0.757294
 -0.452798
 -0.124609
 -0.0487208
 0.853344
 -0.877029
 -0.535913
 0.218812
 0.488422
 -0.594978
 -0.594008
 0.171552
 -0.243465
 -0.062514
 0.649103
 0.233437
 0.427192
 0.657002
 0.631539
 -0.801869
 0.931217
 0.473259
 -0.899065
 0.363669
 -0.826948
 1.09683
 0.115536
 -0.970926
 -0.521994
 0.382038
 0.703959
 -0.76055
 0.570438
 0.149254
 1.04353
 0.163832
 -0.517355
 0.304105
 -0.138418
 -0.822591
 -0.802797
 0.715284
 0.18941
 0.873708
 -0.418633
 0.115814
 0.538659
 0.659622
 0.441746
 0.816089
 -0.705258
 0.567611
 -0.585195
 1.12805
 0.331237
 0.431564
 -1.02076
 -0.394142
 0.101976
 -0.770267
 0.57246
 -1.00791
 -0.0786781
 0.374836
 0.0942954
 0.485266
 0.111017
 -0.787232
 -0.0681922
 0.843012
 -0.062482
 0.906427
 -0.389411
 0.986951
 -0.73424
 -0.770951
 -0.0139427
 -0.81585
 -0.157697
 -0.199174
 0.802071
 0.134942
 -0.855009
 0.755406
 0.0238132
 1.05705
 -0.801719
 -0.683936
 -0.445734
 -0.497371
 0.997038
 -0.796075
 0.480553
 0.200832
 0.122988
 -0.59824
 0.210598
 -0.754641
 0.928376
 -0.44694
 -0.150158
 -0.74737
 -0.128593
 0.766234
 0.142021
 -0.572757
 0.0769508
 0.64661
 -0.848219
 -0.68368
 0.0534061
 0.795418
 -0.0165767
 0.30683
 0.244931
 0.804695
 0.292873
 -0.721244
 0.298366
 0.762416
 0.119257
 0.921511
 0.352388
 0.0302495
 0.174199
 0.318203
 -0.607016
 1.17699
 0.0773281
 0.0943909
 0.669982
 0.415988
 0.643602
 0.567767
 -0.369542
 -0.452666
 -0.0192029
 -0.680631
 -0.675859
 0.606822
 -0.395917
 -0.234212
 -0.297606
 -0.295414
 0.596296
 0.0309849
 -0.756452
 0.442893
 -0.150379
 0.365283
 -0.994837
 0.920902
 0.623228
 0.6538
 0.384563
 0.108311
 -0.201866
 -0.264534
 -0.812934
 -0.23358
 0.238077
 0.588933
 -1.05342
 0.815576
 0.113044
 -0.157492
 0.620648
 0.229877
 -0.927082
 0.295463
 -0.319287
 0.139745
 -0.341609
 0.839636
 -0.658206
 0.155761
 -0.271891
 0.322365
 -0.319787
 0.0560975
 -0.118375
 0.772225
 -0.995183
 -0.0846064
 0.0941153
 -0.541461
 0.976566
 -0.342264
 -0.420279
 0.861779
 0.306939
 -0.258952
 0.669999
 -0.970308
 0.308321
 -0.431998
 -0.191483
 0.170592
 -0.925783
 -0.496257
 0.595443
 0.0846139
 -0.815127
 -0.468615
 0.589826
 -0.867111
 -0.221313
 0.567253
 -0.643286
 0.678833
 -0.410253
 -0.759652
