 0.369366
 -0.567431
 -0.307413
 -0.285073
 0.786431
 0.518967
 0.393414
 0.814631
 0.634938
 -0.731193
 0.0428175
 -0.186132
 0.861141
 -0.280557
 0.900998
 -0.183813
 -0.497238
 0.711539
 0.583789
 0.560717
 0.582324
 -0.539781
 0.59856
 -0.934629
 -0.575121
 -0.149998
 0.711295
 0.775506
 0.466048
 -0.736625
 -0.291238
 -0.472945
 0.608448
 0.758415
 0.117405
 -0.359905
 0.19364
 0.405316
 -0.558153
 0.453291
 0.648366
 0.596789
 -0.514451
 0.611866
 0.869625
 -0.857234
 0.315897
 0.422712
 -0.589587
 0.963195
 0.43614
 -0.412152
 0.529221
 0.190283
 -0.272866
 0.629444
 -0.835932
 -0.505234
 0.721366
 -0.681143
 0.896603
 0.445845
 0.770379
 0.42204
 -0.0349437
 -0.280313
 0.670888
 0.0736412
 -0.607715
 0.967956
 0.309061
 -0.907285
 0.288247
 -0.841548
 0.887326
 0.552599
 0.391339
 -0.797967
 0.295816
 -0.0835902
 0.910581
 -0.324259
 -0.809137
 -0.947752
 -0.269265
 -0.542772
 0.342814
 0.43968
 0.043733
 0.0814539
 0.815607
 0.879269
 0.467696
 -0.367473
 -0.458296
 -0.980163
 -0.282815
 0.982971
 -0.146397
 0.013947
 -0.113071
 0.193701
 -0.465499
 -0.385662
 -0.589343
 -0.113926
 -0.0484939
 -0.974853
 -0.241066
 -0.600391
 0.833369
 0.819208
 0.937254
 0.546983
 0.25486
 -0.766228
 -0.152379
 0.779168
 0.391156
 -0.841426
 0.576037
 0.573595
 0.60387
 -0.873104
 0.66802
 0.857234
 0.421735
 0.623768
 0.455061
 -0.722831
 -0.0213935
 -0.977905
 -0.505722
 -0.86816
 0.470382
 0.461898
 -0.816034
 -0.225867
 0.194433
 -0.0187689
 -0.382672
 0.300516
 0.733757
 -0.784478
 -0.262978
 -0.662893
 0.847224
 0.974609
 0.852901
 0.736564
 0.630604
 -0.988647
 0.585681
 -0.00308237
 -0.491501
 0.294961
 -0.701163
 -0.783929
 0.621876
 0.0993988
 0.0815149
 -0.606067
 -0.828791
 -0.778253
 0.343791
 -0.105686
 -0.718986
 -0.358196
 0.0892056
 -0.120151
 0.944639
 -0.0649739
 0.924131
 -0.46794
 -0.385479
 0.752556
 0.869015
 -0.131077
 -0.000335704
 -0.320475
 -0.967895
 0.972594
 0.631886
 -0.214331
 -0.790216
 -0.560167
 0.764519
 -0.821345
 0.474044
 0.867916
 0.16599
 -0.125034
 -0.188086
 0.18717
 -0.630421
 -0.701163
 0.877438
 -0.344707
 0.943785
 0.722953
 -0.0802942
 -0.677236
 -0.656789
 -0.0368358
 0.949278
 -0.215674
 -0.0939665
 0.639515
 -0.795282
 0.0276803
 0.556566
 -0.684194
 0.983703
 0.192785
 0.778314
 0.831477
 0.898251
 0.0533158
 -0.58092
 -0.86401
 0.6198
 -0.966308
 -0.10947
 -0.0586871
 0.174047
 0.573412
 0.324198
 0.501877
 -0.150487
 0.651723
 -0.752129
 0.836604
 -0.218421
 -0.714896
 0.343852
 -0.295206
 -0.724723
 0.809687
 0.850948
 -0.351482
 0.928404
 -0.238868
 -0.825495
 0.413373
 -0.382
 0.165197
 0.265725
 -0.938658
 -0.586901
 -0.949339
 0.332255
 0.0873745
 0.474899
 -0.00271615
 -0.555589
 -0.148412
 -0.991699
 -0.468429
 -0.402142
 0.641957
 0.326945
 0.182836
 0.795648
 0.676626
 0.093173
 -0.988586
 0.712577
 -0.638417
 -0.202795
 -0.576952
 0.504257
 0.113987
 -0.463546
 -0.92053
 0.322855
 0.0643635
 0.158422
 -0.27958
 -0.897641
 0.950621
 -0.170812
 -0.292215
 0.176244
 0.515671
 -0.909482
 -0.895138
 -0.710868
 0.72161
 -0.532517
 0.103305
 0.566271
 0.0925626
 -0.310892
 0.610462
 -0.998596
 0.499374
 0.585498
 -0.191015
 -0.972045
 -0.302286
 0.722648
 -0.498032
 -0.266213
 -0.0670492
 -0.161901
 0.0555132
 0.283303
 -0.0763878
 0.140416
 0.751579
 0.109104
 0.536668
 0.533616
 -0.636952
 -0.564074
 -0.533738
 -0.169408
 0.765069
 0.698599
 -0.770623
 0.0169378
 -0.607532
 0.41728
 -0.210242
 -0.372051
 -0.641102
 0.0923795
 0.123692
 0.301981
 -0.952818
 -0.318705
 0.0398267
 0.571459
 -0.0137028
 0.219764
 0.564806
 -0.0451979
 0.82458
 -0.849971
 0.208411
 -0.587878
 0.214087
 0.919248
 -0.580432
 -0.773858
 -0.58269
 0.408734
 0.547166
 0.371319
 0.449141
 -0.240822
 -0.384198
 0.434492
 0.565722
 0.151463
 -0.767937
 0.147862
 0.915036
 -0.891964
 0.931028
 -0.40141
 0.158361
 0.876095
 0.277078
 0.176244
 0.878475
 0.454695
 -0.968444
 -0.679312
 -0.415815
 0.82989
 -0.301553
 0.134373
 0.126072
 -0.0215766
 0.762139
 0.919004
 -0.666005
 -0.795526
 -0.0713218
 0.701468
 0.690725
 -0.630177
 -0.315958
 -0.189611
 0.851985
 0.581774
 0.480514
 -0.43437
 0.82812
 -0.0995209
 -0.134983
 0.143834
 0.637074
 0.628468
 0.861202
 0.681997
 -0.756523
 -0.256142
 -0.0822474
 0.682424
 0.594897
 -0.958068
 -0.263771
 0.780206
 -0.431867
 0.545213
 -0.710746
 -0.0632038
 0.639027
 -0.254433
 0.343852
 -0.877743
 -0.91406
 -0.758049
 0.799921
 0.547655
 -0.45732
 0.333659
 0.158727
 0.510849
 -0.290078
 -0.86578
 -0.567858
 0.918577
 0.040376
 0.766961
 0.806207
 -0.453719
 -0.791314
 0.204932
 -0.629749
 0.0989715
 0.179235
 -0.681875
 0.226356
 0.135166
 0.683401
 0.690176
 -0.711356
 -0.0831629
 0.920652
 -0.233131
 -0.912107
 0.247536
 0.29368
 -0.100497
 -0.108554
 0.361431
 -0.00802637
 -0.154881
 -0.547411
 -0.0748009
 -0.76513
 0.286294
 -0.298685
 0.216285
 -0.0119938
 0.932859
 -0.311197
 0.539109
 -0.0357982
 0.76812
 -0.901425
 0.942015
 0.722526
 -0.997436
 -0.363872
 -0.702506
 0.677297
 -0.703299
 0.610401
 -0.191259
 -0.170263
 0.815668
 0.018891
 -0.99646
 0.0350047
 0.678945
 -0.550523
 0.279641
 -0.38377
 -0.63329
 0.110752
 -0.936827
 0.139744
 -0.35374
 0.303751
 -0.357036
 0.162023
 0.579577
 -0.351726
 -0.256996
 -0.237709
 -0.82403
 0.374737
 -0.104526
 0.672536
 -0.747917
 0.995422
 -0.322123
 -0.182043
 0.0606403
 0.667043
 -0.125156
 -0.920164
 0.251869
 -0.442793
 0.629078
 -0.90643
 -0.270913
 -0.472701
 0.642628
 -0.105441
 0.961425
 0.444197
 -0.508286
 0.223853
 0.316263
 0.433393
 0.1171
 0.307108
 0.973388
 -0.61388
 -0.447066
 -0.0820643
 -0.0162053
 0.0331126
 0.956175
 0.539537
 -0.964232
 -0.10361
 0.999451
 -0.564074
 -0.509751
 0.433699
 -0.310282
 0.446699
 -0.752129
 0.68572
 0.675344
 -0.684317
 0.0114444
 -0.259438
 -0.896847
 0.368389
 0.504685
 -0.673574
 -0.909909
 0.34904
 0.210669
 0.846492
 -0.130406
 0.230384
 -0.807245
 0.166662
 0.676443
 0.808649
 0.559191
 0.470748
 -0.567064
 0.896237
 -0.864498
 0.493942
 -0.702322
 -0.0756554
 0.906369
 0.447981
 0.14066
 -0.231239
 0.788507
 0.949889
 -0.993896
 -0.390057
 -0.700064
 -0.732597
 0.626637
 0.641774
 -0.315592
 0.19364
 0.0503861
 0.439558
 0.0566729
 -0.138035
 0.443892
 -0.198584
 0.128941
 -0.18363
 0.13358
 -0.125706
 -0.917661
 -0.352947
 -0.0524613
 0.37785
 0.145543
 -0.494675
 0.920957
 0.738762
 0.442183
 0.809992
 -0.57268
 0.946837
 -0.328898
 0.457564
 -0.202307
 -0.0524003
 0.180944
 0.84875
 -0.50914
 0.381207
 0.00125126
 -0.95587
 0.876827
 -0.517747
 -0.606189
 -0.638844
 0.696036
 0.952452
 0.485458
 0.724601
 -0.743156
 -0.382672
 0.546007
 -0.915952
 0.433943
 -0.317728
 0.472457
 0.210303
 0.529832
 0.397137
 -0.956481
 -0.817682
 -0.938047
 -0.0556352
 0.5056
 -0.120884
 -0.461165
 -0.637745
 0.0534989
 0.787652
 -0.713858
 -0.684378
 0.768181
 0.439192
 0.386334
 -0.473556
 0.574084
 0.787957
 0.794366
 -0.322062
 0.778497
 -0.15714
 -0.308756
 -0.39732
 0.755242
 -0.133702
 0.138829
 -0.430342
 0.335612
 0.451216
 -0.902646
 0.480087
 0.468856
 0.790094
 -0.130772
 0.787225
 -0.285684
 0.447615
 -0.969115
 -0.0497757
 -0.871151
 0.949889
 0.915403
 -0.763421
 -0.889523
 -0.497909
 -0.291665
 -0.316019
 0.762078
 -0.851497
 0.219886
 0.0351268
 -0.663381
 0.685415
 -0.605701
 0.45793
 0.327799
 0.640614
 -0.378826
 0.862789
 -0.233253
 0.63274
 -0.0907315
 -0.369304
 -0.711234
 0.42082
 -0.0135807
 -0.436323
 -0.467879
 -0.0416578
 -0.612476
 0.870174
 0.431135
 0.763604
 0.59386
 -0.00186163
 -0.0336009
 -0.0809046
 0.284768
 0.129185
 -0.0652181
 -0.988098
 -0.233924
 0.143712
 0.300943
 -0.671194
 0.636097
 -0.127171
 0.693838
 -0.383465
 0.752678
 0.446883
 0.610034
 -0.277749
 0.563768
 -0.445418
 0.886715
 0.424726
 0.863155
 0.424848
 0.00637837
 0.76928
 0.0350047
 0.343181
 -0.203406
 -0.780389
 -0.15067
 -0.483261
 0.0863369
 -0.0614338
 -0.1301
 0.0987884
 0.881893
 0.509445
 -0.461165
 0.185705
 -0.37492
 0.412336
 -0.00100711
 0.599902
 0.0959807
 0.566027
 0.717338
 -0.730338
 0.522263
 -0.750481
 0.971374
 -0.980285
 -0.541612
 0.714286
 -0.738395
 -0.416181
 0.997009
 -0.199255
 0.71221
 -0.346965
 -0.125706
 0.871273
 -0.477706
 -0.228553
 0.0331736
 0.371685
 0.530747
 -0.107883
 -0.794794
 -0.665151
 0.956725
 0.405744
 -0.924863
 -0.862545
 0.378216
 0.454085
 -0.410504
 0.823603
 0.0117496
 0.341594
 0.972716
 -0.693167
 -0.644704
 -0.143223
 0.0121769
 0.764702
 -0.743461
 -0.68334
 0.176183
 0.535752
 -0.529771
 -0.854122
 0.125584
 -0.16599
 -0.234535
 0.803644
 0.182531
 0.591906
 0.646718
 0.87109
 -0.68041
 0.744682
 0.750664
 -0.889035
 0.229835
 -0.731376
 0.98114
 0.312784
 -0.958007
 -0.713919
 0.445051
 0.73516
 -0.757073
 0.548936
 0.251198
 0.9588
 0.368816
 -0.386578
 0.235267
 -0.0382397
 -0.971007
 -0.980407
 0.673086
 0.230506
 0.824396
 -0.213782
 0.0442213
 0.71746
 0.722343
 0.535264
 0.909604
 -0.540086
 0.451888
 -0.442488
 0.964049
 0.671133
 0.480087
 -0.867733
 -0.672231
 0.116001
 -0.866329
 0.41319
 -0.861324
 -0.414289
 0.427412
 0.193152
 0.507126
 0.281228
 -0.838374
 -0.139256
 0.897336
 -0.0800501
 0.852718
 -0.139683
 0.996826
 -0.622059
 -0.94293
 -0.0314035
 -0.863643
 -0.320719
 -0.346904
 0.700308
 0.323771
 -0.854549
 0.641713
 0.154881
 0.952818
 -0.481857
 -0.970336
 -0.382366
 -0.74926
 0.866207
 -0.64275
 0.226722
 0.526963
 0.0910978
 -0.567309
 0.0192572
 -0.716178
 0.842219
 -0.163549
 -0.330851
 -0.744987
 -0.3455
 0.757195
 0.228248
 -0.56975
 0.122044
 0.72277
 -0.815668
 -0.867794
 -0.0818201
 0.787835
 0.148045
 0.206275
 0.477096
 0.741081
 0.480575
 -0.61449
 0.146825
 0.89465
 0.176366
 0.895077
 0.628224
 0.0178533
 0.311197
 0.356243
 -0.488571
 0.97821
 0.369549
 0.0544755
 0.722343
 0.65154
 0.763787
 0.633045
 -0.308512
 -0.335246
 -0.143712
 -0.725333
 -0.94116
 0.532701
 -0.20072
 -0.565294
 -0.274331
 -0.248085
 0.50206
 0.186377
 -0.933531
 0.414533
 0.0409864
 0.24308
 -0.885861
 0.903623
 0.822626
 0.718192
 0.529588
 0.233131
 -0.186499
 -0.31431
 -0.830439
 -0.404584
 0.148778
 0.604602
 -0.935362
 0.677664
 0.432173
 -0.331523
 0.61919
 0.310343
 -0.960082
 0.143956
 -0.152806
 0.0108341
 -0.258522
 0.759087
 -0.544237
 -0.0165716
 -0.0516678
 0.20603
 -0.411908
 0.139195
 -0.0951262
 0.819025
 -0.960143
 -0.302347
 0.133091
 -0.509934
 0.760186
 -0.0666829
 -0.556749
 0.886898
 0.450789
 -0.371136
 0.824274
 -0.96765
 0.0747398
 -0.201819
 -0.47557
 0.311258
 -0.911557
 -0.758721
 0.637013
 -0.0357982
 -0.791803
 -0.506333
 0.501755
 -0.866878
 -0.475082
 0.732902
 -0.76458
 0.519639
 -0.22129
 -0.795465
 0.703726
