 0.00529572
 1.44611
 -3.18384
 1.07063
 -0.68662
 3.65962
 -0.998815
 -0.164758
 1.48682
 0.0790781
 -4.16412
 3.19083
 -1.49802
 3.94054
 -4.03545
 4.30525
 -3.91169
 0.0833625
 3.51796
 -0.175025
 0.0753291
 0.244928
 -2.99057
 3.4455
 -4.91803
 1.84264
 0.200981
 2.66419
 0.227686
 -0.797636
 -3.2454
 1.7121
 -1.33225
 3.88765
 -0.344483
 -1.4423
 -1.36129
 2.04492
 0.613688
 -2.72227
 3.2553
 -0.092381
 0.67783
 -3.2585
 3.94387
 0.465077
 -4.83031
 3.63613
 -0.128579
 -2.51821
 4.71297
 -1.48421
 -2.24705
 3.1091
 -1.16867
 -0.889718
 2.21376
 -4.62387
 1.89113
 3.17947
 -4.4881
 5.05144
 -1.93572
 1.85259
 -0.888996
 -0.816724
 -0.534749
 2.98052
 -1.69332
 -2.11661
 4.72701
 -1.68535
 -3.28173
 3.29594
 -3.90963
 5.75466
 -1.59847
 0.551004
 -4.0433
 3.64745
 -1.53037
 3.94193
 -4.54565
 -1.17604
 -0.888496
 2.16429
 -1.69503
 2.66043
 -0.237775
 -0.967347
 0.635698
 2.24766
 0.173309
 -0.516134
 -2.63446
 -0.06922
 -1.61551
 1.73065
 3.99043
 -4.24131
 1.15894
 -0.823502
 1.72106
 -2.69282
 0.566837
 -1.00194
 1.43244
 -0.312736
 -2.7657
 1.59984
 -1.27801
 4.58087
 -0.48414
 1.12914
 -1.18838
 -0.0785167
 -2.97553
 1.84537
 2.67898
 -0.943586
 -3.66639
 4.60873
 -0.302213
 0.566624
 -4.64894
 5.12027
 0.341036
 -0.544566
 0.29813
 -0.0968761
 -3.32328
 2.78954
 -3.77384
 1.64918
 -1.84731
 3.9747
 -0.243054
 -3.99374
 1.97538
 0.906267
 -0.838889
 -0.712824
 1.90187
 1.466
 -4.65327
 1.86735
 -1.83353
 5.01911
 0.0299903
 0.372714
 -0.411978
 0.644147
 -4.98272
 5.35059
 -2.05317
 -1.06616
 1.64067
 -3.05055
 -0.0899433
 3.72573
 -1.39023
 -0.356932
 -2.09362
 -0.621092
 -0.124157
 2.86425
 -1.39411
 -2.28945
 1.20941
 0.847075
 -0.263326
 2.74806
 -3.10011
 3.54134
 -4.66023
 1.35547
 3.1417
 0.185177
 -2.62968
 0.579137
 -0.769274
 -2.15353
 5.85043
 -1.21132
 -2.37033
 -1.65932
 0.778652
 3.73112
 -5.34304
 4.50944
 0.839482
 -1.74845
 -0.485798
 -0.427071
 1.63319
 -2.9665
 -0.405694
 4.77065
 -3.91728
 4.63802
 -1.53648
 -1.52828
 -2.02793
 0.10795
 1.66873
 2.95767
 -4.02943
 0.929694
 1.87991
 -4.17219
 2.65755
 1.47077
 -3.52152
 5.1146
 -2.5544
 2.60091
 -0.00383434
 1.14218
 -2.36186
 -1.56989
 -1.13142
 4.56222
 -5.3231
 3.02042
 -0.893463
 1.52822
 0.47535
 -0.0382959
 0.395111
 -1.72909
 2.6723
 -4.53807
 5.51204
 -3.61492
 -0.781071
 2.46369
 -1.62291
 -1.2506
 4.16024
 0.164403
 -3.26577
 3.97724
 -3.27444
 -1.17966
 3.03941
 -2.44889
 2.07415
 -0.420788
 -3.66876
 1.00986
 -1.14868
 3.40513
 -1.36157
 1.4459
 -1.45012
 -1.76769
 1.24505
 -2.75149
 1.56011
 -0.342086
 3.16962
 -1.4663
 -0.178267
 2.12082
 -0.250472
 -1.24838
 -3.14466
 5.36488
 -4.88774
 2.35587
 -2.06066
 3.47624
 -1.45134
 -1.48271
 -1.49406
 3.49011
 -0.895339
 0.525633
 -1.6133
 -1.82614
 5.39326
 -3.67452
 0.302629
 0.909119
 1.29272
 -4.44115
 0.262777
 -0.178855
 4.54915
 -4.35041
 1.79129
 1.34754
 -1.20023
 -1.21251
 2.78273
 -4.9073
 4.89694
 -0.247721
 -1.99274
 -2.47469
 2.1064
 3.01351
 -4.08913
 0.558162
 0.299097
 0.179049
 0.135737
 0.656792
 -0.69801
 0.758963
 1.60322
 -1.42134
 1.2848
 -0.0828181
 -2.77538
 0.126732
 -0.0114356
 0.701262
 2.5029
 -0.360344
 -4.3052
 2.77577
 -2.2777
 3.38705
 -2.23308
 -0.101454
 -1.70999
 2.37127
 -0.420268
 1.21548
 -4.31411
 2.02998
 0.490192
 2.09074
 -1.84057
 0.676143
 1.09264
 -1.65576
 2.77454
 -5.07384
 3.68393
 -2.87709
 3.01926
 1.76305
 -4.64991
 -0.1652
 -0.213731
 3.18602
 0.283355
 -0.28795
 0.476547
 -1.83228
 -0.717954
 2.98575
 0.469951
 -1.07682
 -3.20004
 3.14831
 1.95208
 -5.36258
 5.79115
 -4.55054
 2.68335
 1.62688
 -1.05873
 -0.445461
 2.62162
 -1.05686
 -4.37411
 1.2468
 0.601928
 3.8437
 -4.42642
 2.01259
 -0.125609
 -0.191392
 2.25906
 0.606192
 -4.39915
 -0.0245792
 1.62
 2.7983
 -0.0863372
 -4.52468
 1.80913
 -0.193034
 3.27781
 -0.646904
 0.154516
 -2.91702
 4.48073
 -3.11978
 0.250484
 0.821558
 1.87042
 0.187362
 0.544296
 -0.153265
 -3.98804
 1.65657
 0.665335
 2.03795
 0.11041
 -5.0966
 2.4358
 3.2115
 -3.65421
 3.14756
 -4.71941
 3.24238
 0.930749
 -2.14197
 1.8351
 -4.11091
 3.88502e-005
 -0.0061842
 4.67526
 -1.11195
 -2.96097
 2.31487
 -0.0658647
 1.262
 -2.34221
 -1.5841
 0.681242
 4.4506
 -3.09842
 2.81512
 -0.0547256
 -3.03962
 -1.45257
 3.18798
 -2.63367
 2.30898
 -0.285314
 -2.31686
 2.76837
 -0.543118
 1.85319
 -0.178792
 -3.8047
 1.88589
 3.13924
 -3.23116
 -2.16386
 3.37127
 0.0126821
 -0.995742
 -0.00765601
 1.42081
 -1.01685
 -0.205583
 -1.56422
 1.64359
 -2.86731
 3.58653
 -2.40411
 1.99988
 -1.31693
 3.41417
 -4.31939
 3.42143
 -1.76113
 3.00344
 -5.45017
 5.65868
 -0.553842
 -4.86652
 1.94964
 -1.57351
 4.5112
 -5.16305
 4.4881
 -3.03876
 1.01688
 2.54342
 -2.19469
 -2.88851
 2.82855
 1.61059
 -3.39586
 2.29876
 -2.27072
 -0.198412
 1.92192
 -3.66996
 3.11385
 -1.59174
 2.06653
 -2.54885
 2.00764
 1.12211
 -2.95768
 0.330648
 -0.00776695
 -1.75394
 3.50141
 -1.76535
 2.31702
 -4.2982
 5.53039
 -4.29328
 0.921719
 0.596274
 1.92433
 -2.53345
 -2.48772
 3.77941
 -2.56204
 3.95798
 -5.64544
 2.28545
 -1.40449
 3.97867
 -3.10235
 4.0214
 -1.5636
 -2.82079
 2.87382
 -0.0638145
 0.773068
 -1.10893
 0.894506
 2.09743
 -4.63067
 0.82404
 0.654335
 0.555939
 -0.450785
 3.07333
 -0.911952
 -4.64308
 2.71999
 3.6555
 -4.87521
 -0.0619371
 2.97721
 -2.04699
 2.21123
 -3.93351
 4.58492
 -0.0346719
 -4.26992
 2.46697
 -0.840595
 -2.06356
 3.3602
 0.209087
 -3.62966
 -0.815505
 3.75321
 -0.587099
 1.83114
 -2.61892
 1.46545
 -3.66795
 3.68782
 0.784542
 0.872838
 -0.744095
 0.390533
 -3.04888
 4.99998
 -5.49737
 4.70364
 -4.68543
 2.93825
 1.83504
 -0.442756
 -0.757822
 -1.23729
 3.68203
 0.0543817
 -5.4142
 2.11845
 -1.44269
 -0.291363
 4.1044
 -0.439576
 -2.48602
 1.17576
 -0.353074
 1.85783
 -1.34709
 -0.575781
 1.73977
 -1.53409
 1.18846
 -1.03524
 0.971794
 -0.957326
 -2.31719
 1.34266
 0.970315
 1.05738
 -0.667929
 -1.95887
 4.55491
 -0.986908
 0.254897
 1.21855
 -4.22063
 5.36878
 -4.35376
 3.39534
 -3.03194
 1.17265
 0.56961
 2.02081
 -4.16014
 3.41106
 -1.32758
 -3.08173
 5.29334
 -4.55002
 0.187895
 -0.423451
 4.36795
 -0.0213131
 -0.487838
 0.502632
 -3.76852
 1.19525
 2.8557
 -4.67778
 4.48814
 -2.8886
 2.65671
 -1.38095
 1.57367
 -0.125487
 -4.45589
 0.898211
 -1.2687
 3.12756
 0.987364
 -1.90988
 -1.40411
 -0.638917
 2.01878
 1.96615
 -4.8099
 0.444098
 4.46719
 -0.932074
 -0.284029
 -2.46675
 3.55885
 0.306486
 0.892893
 -3.38326
 3.97467
 -2.99714
 -0.0801604
 -0.662896
 4.12012
 -3.14281
 1.41773
 -2.41553
 2.73777
 0.0185642
 -3.938
 4.58888
 -0.349315
 1.11756
 -2.69765
 3.38742
 -3.32926
 2.50075
 -4.81482
 3.46602
 -3.51106
 5.80811
 -0.125974
 -4.9071
 -0.432521
 1.18564
 0.0503491
 -0.182059
 2.92765
 -5.15855
 3.46957
 -0.626318
 -2.17118
 3.8291
 -4.10525
 3.62684
 -0.88591
 1.90128
 -3.56965
 4.4566
 -3.87664
 3.54492
 -2.89117
 0.130112
 -1.74548
 4.01791
 -1.99636
 -1.27903
 -0.29063
 1.13436
 -1.75658
 4.45352
 -1.55328
 1.38436
 -0.537961
 -1.26949
 0.126176
 0.0374266
 1.10172
 -0.498804
 -0.182178
 -2.91112
 2.28946
 0.521135
 0.676104
 -3.35757
 4.41656
 -2.62564
 2.68299
 -3.63669
 4.42454
 -1.43255
 1.18296
 -2.72024
 2.82878
 -3.33944
 5.0953
 -1.74312
 2.10079
 -1.88709
 -0.142064
 2.65714
 -2.4126
 1.42313
 -2.00904
 -1.13862
 1.83035
 -1.52471
 1.9306
 -0.839265
 -0.525221
 1.03717
 2.43981
 -1.27603
 -2.22706
 1.75044
 -1.95743
 2.94929
 -1.60749
 2.12855
 -1.87377
 2.44629
 0.135523
 -4.3466
 4.40777
 -4.08286
 5.38975
 -6.15847
 1.47869
 3.01725
 -4.07476
 0.962822
 4.21941
 -3.58871
 3.00999
 -3.46152
 1.27742
 3.06869
 -4.2376
 0.966301
 0.612522
 1.34318
 0.255174
 -2.07482
 -1.69382
 0.157053
 4.83143
 -1.87161
 -3.78534
 -0.219754
 4.07987
 -0.281282
 -2.65346
 3.73697
 -2.32337
 1.26579
 1.96616
 -4.70423
 0.356086
 0.984912
 0.43857
 2.59569
 -5.10178
 0.617979
 2.29636
 0.992582
 -3.28562
 -0.815063
 2.3103
 -1.06549
 0.0340727
 2.80414
 -1.46817
 1.14595
 0.700573
 0.660674
 -4.21742
 4.94119
 -0.58021
 -4.40213
 3.64464
 -3.49539
 5.57187
 -2.50211
 -3.47307
 0.821456
 3.14112
 1.09731
 -4.68778
 4.25053
 -0.997041
 2.61821
 -2.1468
 -1.74089
 2.42302
 -1.08654
 -2.66244
 -0.491869
 4.74484
 -1.52144
 2.03065
 -3.51302
 1.48168
 1.93279
 0.588026
 -0.385566
 1.47498
 -4.37318
 3.74943
 -3.21582
 4.94889
 -1.43912
 0.447473
 -4.21944
 1.11129
 1.59411
 -3.10402
 3.81617
 -4.63739
 1.90722
 1.62018
 -0.567986
 1.31988
 -0.652371
 -3.05417
 2.08237
 3.12912
 -2.93492
 2.96004
 -3.33272
 4.46268
 -5.13191
 -0.656684
 2.34375
 -2.72295
 1.57092
 -0.590635
 2.91666
 -1.51429
 -3.16501
 4.80263
 -1.88544
 2.99353
 -4.94137
 -0.53391
 0.934048
 -0.948952
 4.39352
 -5.19836
 3.32704
 0.15011
 -0.352084
 -2.19561
 1.9513
 -2.9477
 5.0673
 -3.53423
 0.349969
 -1.88759
 1.28469
 2.87006
 -1.70469
 -2.26443
 2.23848
 2.03823
 -4.72237
 -0.0604096
 1.93285
 2.36686
 -2.05386
 0.712633
 0.544908
 1.59018
 -1.02576
 -2.90893
 2.80999
 1.91347
 -1.84121
 2.50673
 -0.923792
 -1.05245
 0.897527
 0.566733
 -2.54785
 5.04417
 -2.57944
 -0.066186
 2.01939
 -0.0522655
 1.11177
 -0.0355453
 -2.8115
 0.108717
 0.958608
 -2.24663
 -0.816698
 3.92357
 -2.58297
 -0.534966
 -0.127585
 0.162415
 2.57613
 -1.29838
 -3.09137
 3.80818
 -1.26674
 1.21876
 -4.01204
 5.75417
 -0.304057
 0.30639
 -0.387986
 -0.477438
 -0.930878
 -0.366593
 -1.79438
 1.30386
 1.22282
 1.13015
 -4.86419
 5.40285
 -1.21137
 -1.39787
 2.50878
 -0.98619
 -3.85046
 3.47675
 -1.41601
 1.04405
 -1.24907
 3.56054
 -4.47748
 2.0572
 -0.651054
 1.51285
 -2.33772
 1.4621
 -0.470424
 2.99621
 -5.43825
 2.22944
 0.678652
 -1.90269
 4.22113
 -3.37177
 -0.668878
 4.24468
 -1.29913
 -2.13816
 3.48144
 -5.19793
 3.38947
 -1.61546
 -0.132751
 1.56749
 -3.50168
 0.535091
 3.68396
 -2.00439
 -2.81215
 0.987022
 3.11188
 -4.70638
 1.25324
 3.06373
 -4.29325
 3.77565
 -2.88972
 -1.20867
