 0.00158872
 0.435104
 -0.607021
 -0.151501
 -0.380211
 0.836441
 0.375525
 0.30223
 0.631578
 0.502887
 -0.846531
 0.247194
 -0.317317
 1.00673
 -0.427979
 0.996937
 -0.467062
 -0.289269
 0.739315
 0.561695
 0.525741
 0.449502
 -0.572112
 0.551842
 -1.0836
 -0.249355
 -0.210878
 0.703288
 0.651727
 0.312786
 -0.762181
 -0.14194
 -0.557235
 0.781804
 0.521138
 0.0461239
 -0.418301
 0.232339
 0.35842
 -0.484862
 0.582021
 0.390174
 0.572406
 -0.549708
 0.72366
 0.659176
 -0.854094
 0.375374
 0.176603
 -0.531373
 0.972574
 0.294445
 -0.365249
 0.575394
 0.0678712
 -0.159623
 0.49662
 -1.00538
 -0.205316
 0.72125
 -0.698324
 1.00167
 0.134859
 0.74509
 0.261861
 -0.0321068
 -0.23111
 0.687015
 0.0417521
 -0.560258
 0.916176
 0.203056
 -0.744395
 0.328492
 -0.956439
 1.03713
 0.299826
 0.505202
 -0.877769
 0.373187
 -0.220417
 1.08955
 -0.52254
 -0.728854
 -0.949423
 -0.0945128
 -0.544315
 0.434221
 0.263295
 -0.0301504
 0.141025
 0.760207
 0.669358
 0.394861
 -0.516106
 -0.476775
 -0.908979
 -0.176691
 1.07094
 -0.351355
 0.111346
 -0.260618
 0.334798
 -0.546469
 -0.238928
 -0.534257
 0.0360554
 -0.0576369
 -0.83537
 -0.19369
 -0.562852
 0.985535
 0.644245
 0.922577
 0.321927
 0.20328
 -0.788221
 -0.0935517
 0.694761
 0.334643
 -0.800465
 0.690515
 0.40779
 0.586145
 -0.963379
 0.741345
 0.623355
 0.437028
 0.405658
 0.248534
 -0.817608
 0.162472
 -1.04464
 -0.268645
 -0.809201
 0.61333
 0.418973
 -0.786636
 -0.0733131
 0.148482
 -0.0684879
 -0.251843
 0.348714
 0.715016
 -0.791323
 -0.0789246
 -0.697405
 1.00935
 0.810292
 0.839966
 0.492559
 0.539675
 -1.10992
 0.698792
 -0.128705
 -0.31121
 0.190648
 -0.772845
 -0.609384
 0.592793
 0.0971235
 0.0408954
 -0.643875
 -0.714998
 -0.626983
 0.389105
 -0.0667864
 -0.681574
 -0.219584
 0.0574823
 0.0186412
 0.860718
 -0.250664
 0.884063
 -0.766277
 -0.162023
 0.726725
 0.688939
 -0.194371
 -0.0244263
 -0.315607
 -0.879461
 1.05057
 0.474018
 -0.22991
 -0.751245
 -0.422416
 0.78421
 -0.922615
 0.671779
 0.69356
 0.11857
 -0.0742477
 -0.248273
 0.281961
 -0.659814
 -0.620301
 0.892147
 -0.430216
 1.1279
 0.353973
 -0.115117
 -0.771345
 -0.622481
 -0.00420845
 0.930748
 -0.413873
 -0.0286126
 0.449171
 -0.862427
 0.132277
 0.482257
 -0.600183
 1.0646
 0.0217263
 0.87657
 0.621953
 0.856883
 -0.0667039
 -0.550048
 -0.845651
 0.683552
 -1.02483
 0.175277
 -0.215772
 0.364192
 0.422259
 0.346671
 0.380573
 -0.239684
 0.595157
 -0.920389
 0.955808
 -0.391545
 -0.449103
 0.298785
 -0.239839
 -0.514057
 0.804928
 0.691729
 -0.357887
 0.863375
 -0.364554
 -0.586662
 0.369779
 -0.433168
 0.34101
 0.103426
 -0.979535
 -0.500533
 -0.786525
 0.457651
 -0.0217547
 0.486484
 -0.0851729
 -0.589122
 -0.135324
 -0.9455
 -0.241542
 -0.312219
 0.764822
 0.18356
 0.134919
 0.687343
 0.459941
 0.00894864
 -0.975948
 0.790629
 -0.859842
 0.12449
 -0.605048
 0.620794
 0.0417655
 -0.350569
 -0.775135
 0.406985
 0.066424
 0.287043
 -0.285865
 -0.780859
 0.964903
 -0.330557
 -0.079402
 0.122117
 0.500148
 -0.913502
 -0.648197
 -0.641504
 0.904798
 -0.541746
 0.177129
 0.453375
 0.0439723
 -0.319884
 0.539828
 -1.05431
 0.671326
 0.389327
 -0.186443
 -0.926247
 -0.15581
 0.77
 -0.536639
 -0.225358
 -0.175666
 -0.0542983
 0.0185519
 0.221051
 -0.0297885
 0.208088
 0.628581
 0.084664
 0.457268
 0.292402
 -0.592155
 -0.458658
 -0.412167
 -0.083447
 0.712621
 0.488873
 -0.875257
 0.087494
 -0.681204
 0.548302
 -0.251929
 -0.168749
 -0.697353
 0.162268
 0.00124905
 0.425422
 -0.966592
 -0.157595
 -0.0407801
 0.66653
 -0.00138736
 0.217798
 0.446911
 -0.13416
 0.726529
 -0.981211
 0.352591
 -0.664586
 0.459946
 0.85708
 -0.650928
 -0.577406
 -0.619977
 0.495286
 0.518222
 0.389103
 0.426471
 -0.244383
 -0.426449
 0.516705
 0.562662
 0.180487
 -0.840911
 0.226825
 0.729948
 -0.946243
 0.987815
 -0.669551
 0.373952
 0.697576
 0.294766
 0.10215
 0.815811
 0.315076
 -1.03863
 -0.510626
 -0.286441
 0.997104
 -0.492135
 0.255583
 0.0684404
 0.0398217
 0.701015
 0.734141
 -0.713732
 -0.611564
 -0.0852657
 0.81335
 0.679347
 -0.78691
 -0.136933
 -0.248113
 0.848713
 0.496476
 0.48246
 -0.5433
 0.880442
 -0.28106
 -0.0769115
 0.111019
 0.662839
 0.603355
 0.655687
 0.441956
 -0.872417
 -0.236496
 -0.0481681
 0.639101
 0.567736
 -1.05839
 -0.152404
 0.762716
 -0.402348
 0.665344
 -0.965011
 0.248558
 0.404039
 -0.239488
 0.35858
 -0.993906
 -0.76516
 -0.667738
 0.921949
 0.45053
 -0.452147
 0.267849
 0.137341
 0.539168
 -0.282919
 -0.701447
 -0.407247
 1.01096
 -0.0718137
 0.849835
 0.575525
 -0.426501
 -0.8189
 0.239939
 -0.584402
 0.304016
 0.119517
 -0.551457
 0.372419
 0.104096
 0.696217
 0.479755
 -0.750745
 -0.0737746
 0.821162
 -0.250678
 -0.813004
 0.281589
 0.221071
 -0.0404392
 -0.0497427
 0.359407
 -0.014278
 -0.0556315
 -0.543277
 0.0561832
 -0.824144
 0.462018
 -0.379948
 0.371262
 -0.143597
 0.943383
 -0.570567
 0.606365
 -0.132888
 0.85492
 -0.994646
 0.932147
 0.485686
 -0.966897
 -0.239237
 -0.741756
 0.835191
 -0.876046
 0.722465
 -0.427225
 0.0473548
 0.739654
 -0.0394934
 -0.87362
 0.0865942
 0.526952
 -0.518403
 0.286336
 -0.517736
 -0.424793
 0.204862
 -0.913314
 0.246821
 -0.326233
 0.435111
 -0.441481
 0.280645
 0.515586
 -0.434253
 -0.250636
 -0.261171
 -0.707656
 0.502348
 -0.13081
 0.660336
 -0.804994
 1.03841
 -0.529854
 -0.0541445
 0.0438579
 0.643828
 -0.230153
 -0.917776
 0.33971
 -0.50723
 0.871212
 -1.03802
 -0.0870245
 -0.587667
 0.798124
 -0.293203
 1.03535
 0.286651
 -0.56875
 0.340174
 0.208184
 0.46087
 0.0195291
 0.274906
 0.814518
 -0.729996
 -0.330878
 -0.156222
 0.0896866
 -0.0329207
 0.906062
 0.440045
 -1.01211
 -0.0518562
 0.986721
 -0.587956
 -0.448352
 0.429384
 -0.241062
 0.529779
 -0.800764
 0.764118
 0.538941
 -0.765765
 0.0887128
 -0.255703
 -0.755832
 0.396075
 0.370587
 -0.719348
 -0.839798
 0.395588
 0.174662
 0.773977
 -0.196334
 0.283322
 -0.938551
 0.379636
 0.494732
 0.741697
 0.359034
 0.378654
 -0.659196
 0.957847
 -0.928255
 0.751438
 -0.904421
 0.246447
 0.670418
 0.474403
 0.160298
 -0.28944
 0.839101
 0.670737
 -1.03594
 -0.238541
 -0.713548
 -0.577996
 0.775589
 0.520318
 -0.260711
 0.0945483
 -0.0866143
 0.516713
 0.00471491
 -0.149397
 0.361672
 -0.177704
 0.241252
 -0.151155
 0.189381
 -0.15617
 -0.804196
 -0.258348
 0.0711943
 0.432532
 0.169773
 -0.450399
 0.974233
 0.456076
 0.509781
 0.711857
 -0.724741
 1.01757
 -0.567963
 0.654064
 -0.477187
 0.0261203
 0.134224
 0.746974
 -0.64277
 0.517438
 -0.0641335
 -0.909716
 0.824891
 -0.733866
 -0.429667
 -0.555899
 0.901379
 0.740918
 0.514325
 0.509746
 -0.773398
 -0.280747
 0.573193
 -0.889268
 0.680576
 -0.400205
 0.563853
 -0.021846
 0.494857
 0.31834
 -1.06952
 -0.612204
 -0.929182
 0.264724
 0.53497
 -0.0696923
 -0.484814
 -0.631945
 0.0918931
 0.688429
 -0.838095
 -0.526452
 0.833366
 0.437245
 0.340268
 -0.52638
 0.614212
 0.54616
 0.768567
 -0.429162
 0.822059
 -0.312952
 -0.212714
 -0.437048
 0.898882
 -0.213032
 0.315574
 -0.551571
 0.400516
 0.292126
 -0.893602
 0.64189
 0.353129
 0.710505
 -0.276088
 0.779147
 -0.437063
 0.447656
 -1.1556
 0.15901
 -0.989661
 1.04355
 0.760996
 -0.762139
 -0.796516
 -0.375383
 -0.242422
 -0.186709
 0.747409
 -0.942031
 0.322756
 -0.018505
 -0.584663
 0.663506
 -0.72498
 0.576495
 0.123014
 0.737247
 -0.516287
 0.92938
 -0.490439
 0.739765
 -0.357507
 -0.192408
 -0.73928
 0.63132
 -0.0944676
 -0.382939
 -0.446818
 -0.0287109
 -0.527386
 0.950187
 0.278384
 0.705108
 0.336613
 -0.119384
 -0.0973562
 -0.0963849
 0.264008
 0.069435
 0.0154658
 -0.880787
 -0.024339
 0.111191
 0.362171
 -0.709684
 0.752153
 -0.237018
 0.695128
 -0.597083
 0.881528
 0.208153
 0.592439
 -0.399667
 0.522918
 -0.637128
 1.06715
 0.275199
 0.928556
 0.105159
 0.039533
 0.764794
 -0.118973
 0.35794
 -0.380409
 -0.628275
 0.0128414
 -0.437319
 0.283335
 -0.0402401
 -0.151674
 0.167451
 0.860764
 0.325196
 -0.39502
 0.14807
 -0.507933
 0.520589
 -0.0889446
 0.619446
 -0.108573
 0.667524
 0.526063
 -0.856466
 0.6044
 -0.811784
 1.05742
 -1.06726
 -0.322532
 0.537103
 -0.725807
 -0.238879
 1.00328
 -0.22838
 0.776645
 -0.508816
 0.0121062
 0.862063
 -0.544156
 -0.113718
 0.00374461
 0.442899
 0.448985
 -0.253966
 -0.735092
 -0.585424
 0.981733
 0.269595
 -0.843703
 -0.815909
 0.516732
 0.379522
 -0.406197
 0.761128
 -0.139278
 0.327144
 0.79161
 -0.762907
 -0.499928
 -0.192192
 0.0234951
 0.840505
 -0.846617
 -0.472864
 0.216825
 0.522874
 -0.513673
 -0.662281
 0.100654
 -0.217216
 -0.101288
 0.743451
 0.162423
 0.505805
 0.559401
 0.644695
 -0.767612
 0.84296
 0.427515
 -0.8894
 0.334539
 -0.850792
 1.07685
 0.0655376
 -0.897715
 -0.551386
 0.459876
 0.760336
 -0.736022
 0.666037
 0.144606
 0.982041
 0.101559
 -0.431216
 0.310419
 -0.0996688
 -0.827507
 -0.835186
 0.733354
 0.173959
 0.839371
 -0.44023
 0.0944842
 0.580851
 0.678925
 0.444795
 0.768446
 -0.7399
 0.523368
 -0.625452
 1.06015
 0.363693
 0.499452
 -0.934902
 -0.436071
 0.0682374
 -0.812752
 0.537696
 -0.997288
 -0.148819
 0.297688
 0.135389
 0.532042
 0.203405
 -0.751175
 -0.0100392
 0.891662
 -0.103972
 0.836292
 -0.411552
 1.03982
 -0.778886
 -0.759021
 -0.00352666
 -0.786275
 -0.0871844
 -0.273587
 0.709359
 0.114632
 -0.819953
 0.731373
 -0.0180857
 0.976473
 -0.75653
 -0.743945
 -0.410225
 -0.576807
 0.913348
 -0.816923
 0.412444
 0.276222
 0.186293
 -0.52448
 0.142203
 -0.799702
 0.929014
 -0.349509
 -0.0876286
 -0.717941
 -0.172311
 0.716797
 0.112634
 -0.553295
 0.169883
 0.718173
 -0.786911
 -0.636777
 -0.0161547
 0.739896
 0.0348745
 0.260903
 0.308138
 0.726681
 0.268394
 -0.661125
 0.264536
 0.744682
 0.109165
 0.844626
 0.335685
 -0.031108
 0.19316
 0.295152
 -0.514829
 1.09773
 0.0639518
 0.10579
 0.608588
 0.4618
 0.720951
 0.532204
 -0.4348
 -0.353545
 -0.0491629
 -0.68531
 -0.761057
 0.548797
 -0.30708
 -0.326863
 -0.355759
 -0.229052
 0.610673
 0.119931
 -0.796929
 0.457564
 -0.0509279
 0.407103
 -0.912367
 1.00442
 0.655825
 0.718893
 0.403689
 0.138589
 -0.20829
 -0.300634
 -0.792166
 -0.232527
 0.182445
 0.540393
 -1.00303
 0.814511
 0.212482
 -0.144305
 0.585976
 0.141089
 -1.00802
 0.197147
 -0.312039
 0.154085
 -0.272091
 0.871024
 -0.66485
 0.131124
 -0.178202
 0.36383
 -0.417309
 0.1247
 -0.0822872
 0.868166
 -0.945295
 -0.0582903
 0.0599865
 -0.451856
 0.921014
 -0.30017
 -0.378636
 0.890354
 0.328982
 -0.313247
 0.731832
 -1.01613
 0.257151
 -0.363725
 -0.247122
 0.249547
 -0.837551
 -0.479957
 0.6748
 -0.0118276
 -0.789824
 -0.395057
 0.588443
 -0.883894
 -0.278978
 0.616617
 -0.737555
 0.591401
 -0.470964
 -0.667501
